     1  12.00     
     1  10.932   1.068   0.000  0.66360E-20  0.66360E-20  0.00000E+00  0.00000E+00  0.00000E+00  0.00000E+00  0.00000E+00  0.00000E+00
     3  23.606   0.000   0.000  0.00000E+00  0.00000E+00  0.00000E+00  0.00000E+00  0.00000E+00  0.00000E+00  0.00000E+00  0.00000E+00
     4  24.016   0.000   0.000  0.00000E+00  0.00000E+00  0.00000E+00  0.00000E+00  0.00000E+00  0.00000E+00  0.00000E+00  0.00000E+00
     2  15.00
     1  10.932   4.068   0.000  0.11490E-18  0.11490E-18  0.00000E+00  0.00000E+00  0.00000E+00  0.00000E+00  0.00000E+00  0.00000E+00
     3  23.606   0.000   0.000  0.00000E+00  0.00000E+00  0.00000E+00  0.00000E+00  0.00000E+00  0.00000E+00  0.00000E+00  0.00000E+00
     4  24.016   0.000   0.000  0.00000E+00  0.00000E+00  0.00000E+00  0.00000E+00  0.00000E+00  0.00000E+00  0.00000E+00  0.00000E+00
     3  18.00
     1  10.932   7.068   0.000  0.35140E-18  0.35140E-18  0.00000E+00  0.00000E+00  0.00000E+00  0.00000E+00  0.00000E+00  0.00000E+00
     3  23.606   0.000   0.000  0.00000E+00  0.00000E+00  0.00000E+00  0.00000E+00  0.00000E+00  0.00000E+00  0.00000E+00  0.00000E+00
     4  24.016   0.000   0.000  0.00000E+00  0.00000E+00  0.00000E+00  0.00000E+00  0.00000E+00  0.00000E+00  0.00000E+00  0.00000E+00
     4  21.00
     1  10.932  10.068   0.000  0.71786E-18  0.71786E-18  0.00000E+00  0.00000E+00  0.00000E+00  0.00000E+00  0.00000E+00  0.00000E+00
     3  23.606   0.000   0.000  0.00000E+00  0.00000E+00  0.00000E+00  0.00000E+00  0.00000E+00  0.00000E+00  0.00000E+00  0.00000E+00
     4  24.016   0.000   0.000  0.00000E+00  0.00000E+00  0.00000E+00  0.00000E+00  0.00000E+00  0.00000E+00  0.00000E+00  0.00000E+00
     5  24.00
     1  10.932  13.068   0.000  0.12167E-17  0.12167E-17  0.00000E+00  0.00000E+00  0.00000E+00  0.00000E+00  0.00000E+00  0.00000E+00
     3  23.606   0.000   0.000  0.00000E+00  0.00000E+00  0.00000E+00  0.00000E+00  0.00000E+00  0.00000E+00  0.00000E+00  0.00000E+00
     4  24.016   0.000   0.000  0.00000E+00  0.00000E+00  0.00000E+00  0.00000E+00  0.00000E+00  0.00000E+00  0.00000E+00  0.00000E+00
     6  27.00
     1  10.932  16.068   0.000  0.18510E-17  0.18510E-17  0.00000E+00  0.00000E+00  0.00000E+00  0.00000E+00  0.00000E+00  0.00000E+00
     3  23.606   3.394  10.185  0.90941E-18  0.41596E-22  0.61465E-18  0.00000E+00  0.00000E+00  0.14399E-18  0.82419E-22  0.15065E-18
     4  24.016   2.984  10.595  0.27995E-17  0.14918E-21  0.17825E-17  0.00000E+00  0.00000E+00  0.44169E-18  0.82040E-19  0.49312E-18
     7  30.00
     1  10.932  19.068   0.000  0.26244E-17  0.26244E-17  0.00000E+00  0.00000E+00  0.00000E+00  0.00000E+00  0.00000E+00  0.00000E+00
     3  23.606   6.394  10.185  0.32224E-17  0.14739E-21  0.21779E-17  0.00000E+00  0.00000E+00  0.51019E-18  0.29204E-21  0.53382E-18
     4  24.016   5.984  10.595  0.11292E-16  0.60173E-21  0.71897E-17  0.00000E+00  0.00000E+00  0.17816E-17  0.33091E-18  0.19890E-17
     8  33.00
     1  10.932  22.068   0.000  0.35409E-17  0.35409E-17  0.00000E+00  0.00000E+00  0.00000E+00  0.00000E+00  0.00000E+00  0.00000E+00
     3  23.606   9.394  10.185  0.68625E-17  0.31388E-21  0.46382E-17  0.00000E+00  0.00000E+00  0.10865E-17  0.62194E-21  0.11368E-17
     4  24.016   8.984  10.595  0.25131E-16  0.13392E-20  0.16001E-16  0.00000E+00  0.00000E+00  0.39651E-17  0.73647E-18  0.44267E-17
     9  36.00
     1  10.932  25.068   0.000  0.46049E-17  0.46049E-17  0.00000E+00  0.00000E+00  0.00000E+00  0.00000E+00  0.00000E+00  0.00000E+00
     3  23.606  12.394  10.185  0.11740E-16  0.53696E-21  0.79344E-17  0.00000E+00  0.00000E+00  0.18587E-17  0.10639E-20  0.19448E-17
     4  24.016  11.984  10.595  0.43962E-16  0.23427E-20  0.27991E-16  0.00000E+00  0.00000E+00  0.69362E-17  0.12883E-17  0.77437E-17
    10  39.00
     1  10.932  28.068   0.000  0.58210E-17  0.58210E-17  0.00000E+00  0.00000E+00  0.00000E+00  0.00000E+00  0.00000E+00  0.00000E+00
     3  23.606  15.394  10.185  0.17750E-16  0.81186E-21  0.11997E-16  0.00000E+00  0.00000E+00  0.28103E-17  0.16087E-20  0.29405E-17
     4  24.016  14.984  10.595  0.67377E-16  0.35904E-20  0.42900E-16  0.00000E+00  0.00000E+00  0.10631E-16  0.19745E-17  0.11868E-16
    11  42.00
     1  10.932  31.068   0.000  0.71940E-17  0.71940E-17  0.00000E+00  0.00000E+00  0.00000E+00  0.00000E+00  0.00000E+00  0.00000E+00
     3  23.606  18.394  10.185  0.24779E-16  0.11334E-20  0.16748E-16  0.00000E+00  0.00000E+00  0.39232E-17  0.22457E-20  0.41049E-17
     4  24.016  17.984  10.595  0.94925E-16  0.50584E-20  0.60440E-16  0.00000E+00  0.00000E+00  0.14977E-16  0.27818E-17  0.16721E-16
    12  45.00
     1  10.932  34.068   0.000  0.87286E-17  0.87286E-17  0.00000E+00  0.00000E+00  0.00000E+00  0.00000E+00  0.00000E+00  0.00000E+00
     3  23.606  21.394  10.185  0.32705E-16  0.14959E-20  0.22104E-16  0.00000E+00  0.00000E+00  0.51781E-17  0.29640E-20  0.54179E-17
     4  24.016  20.984  10.595  0.12612E-15  0.67207E-20  0.80302E-16  0.00000E+00  0.00000E+00  0.19899E-16  0.36960E-17  0.22216E-16
    13  50.00
     1  10.932  39.068   0.000  0.11658E-16  0.11658E-16  0.00000E+00  0.00000E+00  0.00000E+00  0.00000E+00  0.00000E+00  0.00000E+00
     3  23.606  26.394  10.185  0.47557E-16  0.21752E-20  0.32143E-16  0.00000E+00  0.00000E+00  0.75296E-17  0.43101E-20  0.78783E-17
     4  24.016  25.984  10.595  0.18483E-15  0.98491E-20  0.11768E-15  0.00000E+00  0.00000E+00  0.29161E-16  0.54164E-17  0.32556E-16
    14  55.00
     1  10.932  44.068   0.000  0.15067E-16  0.15067E-16  0.00000E+00  0.00000E+00  0.00000E+00  0.00000E+00  0.00000E+00  0.00000E+00
     3  23.606  31.394  10.185  0.63938E-16  0.29245E-20  0.43214E-16  0.00000E+00  0.00000E+00  0.10123E-16  0.57946E-20  0.10592E-16
     4  24.016  30.984  10.595  0.24983E-15  0.13313E-19  0.15907E-15  0.00000E+00  0.00000E+00  0.39418E-16  0.73215E-17  0.44007E-16
    15  60.00
     1  10.932  49.068   0.000  0.18972E-16  0.18972E-16  0.00000E+00  0.00000E+00  0.00000E+00  0.00000E+00  0.00000E+00  0.00000E+00
     3  23.606  36.394  10.185  0.81255E-16  0.37165E-20  0.54918E-16  0.00000E+00  0.00000E+00  0.12865E-16  0.73641E-20  0.13461E-16
     4  24.016  35.984  10.595  0.31877E-15  0.16987E-19  0.20297E-15  0.00000E+00  0.00000E+00  0.50295E-16  0.93418E-17  0.56151E-16
    16  65.00
     1  10.932  54.068   0.000  0.23379E-16  0.23379E-16  0.00000E+00  0.00000E+00  0.00000E+00  0.00000E+00  0.00000E+00  0.00000E+00
     3  23.606  41.394  10.185  0.98957E-16  0.45262E-20  0.66883E-16  0.00000E+00  0.00000E+00  0.15668E-16  0.89684E-20  0.16393E-16
     4  24.016  40.984  10.595  0.38943E-15  0.20752E-19  0.24796E-15  0.00000E+00  0.00000E+00  0.61444E-16  0.11413E-16  0.68598E-16
    17  70.00
     1  10.932  59.068   0.000  0.28291E-16  0.28291E-16  0.00000E+00  0.00000E+00  0.00000E+00  0.00000E+00  0.00000E+00  0.00000E+00
     3  23.606  46.394  10.185  0.11656E-15  0.53313E-20  0.78779E-16  0.00000E+00  0.00000E+00  0.18454E-16  0.10564E-19  0.19309E-16
     4  24.016  45.984  10.595  0.45985E-15  0.24505E-19  0.29280E-15  0.00000E+00  0.00000E+00  0.72555E-16  0.13476E-16  0.81002E-16
    18  80.00
     1  10.932  69.068   0.000  0.39579E-16  0.39579E-16  0.00000E+00  0.00000E+00  0.00000E+00  0.00000E+00  0.00000E+00  0.00000E+00
     3  23.606  56.394  10.185  0.14992E-15  0.68572E-20  0.10133E-15  0.00000E+00  0.00000E+00  0.23737E-16  0.13587E-19  0.24836E-16
     4  24.016  55.984  10.595  0.59374E-15  0.31640E-19  0.37805E-15  0.00000E+00  0.00000E+00  0.93680E-16  0.17400E-16  0.10459E-15
    19  90.00
     1  10.932  79.068   0.000  0.52641E-16  0.52641E-16  0.00000E+00  0.00000E+00  0.00000E+00  0.00000E+00  0.00000E+00  0.00000E+00
     3  23.606  66.394  10.185  0.17917E-15  0.81951E-20  0.12110E-15  0.00000E+00  0.00000E+00  0.28368E-16  0.16238E-19  0.29681E-16
     4  24.016  65.984  10.595  0.71156E-15  0.37918E-19  0.45306E-15  0.00000E+00  0.00000E+00  0.11227E-15  0.20853E-16  0.12534E-15
    20 100.00
     1  10.932  89.068   0.000  0.67121E-16  0.67121E-16  0.00000E+00  0.00000E+00  0.00000E+00  0.00000E+00  0.00000E+00  0.00000E+00
     3  23.606  76.394  10.185  0.20348E-15  0.93071E-20  0.13753E-15  0.00000E+00  0.00000E+00  0.32217E-16  0.18441E-19  0.33709E-16
     4  24.016  75.984  10.595  0.80979E-15  0.43153E-19  0.51561E-15  0.00000E+00  0.00000E+00  0.12777E-15  0.23731E-16  0.14264E-15
