     1  12.00
     1  11.276   0.724   0.000  0.60224E-25  0.60224E-25  0.00000E+00  0.00000E+00  0.00000E+00  0.00000E+00  0.00000E+00  0.00000E+00
     2  15.00
     1  11.276   3.724   0.000  0.13713E-22  0.13713E-22  0.00000E+00  0.00000E+00  0.00000E+00  0.00000E+00  0.00000E+00  0.00000E+00
     3  18.00
     1  11.276   6.724   0.000  0.17347E-21  0.17347E-21  0.00000E+00  0.00000E+00  0.00000E+00  0.00000E+00  0.00000E+00  0.00000E+00
     4  21.00
     1  11.276   9.724   0.000  0.10900E-20  0.10900E-20  0.00000E+00  0.00000E+00  0.00000E+00  0.00000E+00  0.00000E+00  0.00000E+00
     5  24.00
     1  11.276  12.724   0.000  0.46864E-20  0.46864E-20  0.00000E+00  0.00000E+00  0.00000E+00  0.00000E+00  0.00000E+00  0.00000E+00
     6  27.00
     1  11.276  15.724   0.000  0.15736E-19  0.15736E-19  0.00000E+00  0.00000E+00  0.00000E+00  0.00000E+00  0.00000E+00  0.00000E+00
     7  30.00
     1  11.276  18.724   0.000  0.44301E-19  0.44301E-19  0.00000E+00  0.00000E+00  0.00000E+00  0.00000E+00  0.00000E+00  0.00000E+00
     8  33.00
     1  11.276  21.724   0.000  0.10920E-18  0.10920E-18  0.00000E+00  0.00000E+00  0.00000E+00  0.00000E+00  0.00000E+00  0.00000E+00
     9  36.00
     1  11.276  24.724   0.000  0.24252E-18  0.24252E-18  0.00000E+00  0.00000E+00  0.00000E+00  0.00000E+00  0.00000E+00  0.00000E+00
    10  39.00
     1  11.276  27.724   0.000  0.49509E-18  0.49509E-18  0.00000E+00  0.00000E+00  0.00000E+00  0.00000E+00  0.00000E+00  0.00000E+00
    11  42.00
     1  11.276  30.724   0.000  0.94269E-18  0.94269E-18  0.00000E+00  0.00000E+00  0.00000E+00  0.00000E+00  0.00000E+00  0.00000E+00
    12  45.00
     1  11.276  33.724   0.000  0.16927E-17  0.16927E-17  0.00000E+00  0.00000E+00  0.00000E+00  0.00000E+00  0.00000E+00  0.00000E+00
    13  50.00
     1  11.276  38.724   0.000  0.40295E-17  0.40295E-17  0.00000E+00  0.00000E+00  0.00000E+00  0.00000E+00  0.00000E+00  0.00000E+00
    14  55.00
     1  11.276  43.724   0.000  0.85851E-17  0.85851E-17  0.00000E+00  0.00000E+00  0.00000E+00  0.00000E+00  0.00000E+00  0.00000E+00
    15  60.00
     1  11.276  48.724   0.000  0.16711E-16  0.16711E-16  0.00000E+00  0.00000E+00  0.00000E+00  0.00000E+00  0.00000E+00  0.00000E+00
    16  65.00
     1  11.276  53.724   0.000  0.30166E-16  0.30166E-16  0.00000E+00  0.00000E+00  0.00000E+00  0.00000E+00  0.00000E+00  0.00000E+00
    17  70.00
     1  11.276  58.724   0.000  0.51087E-16  0.51087E-16  0.00000E+00  0.00000E+00  0.00000E+00  0.00000E+00  0.00000E+00  0.00000E+00
    18  80.00
     1  11.276  68.724   0.000  0.12512E-15  0.12512E-15  0.00000E+00  0.00000E+00  0.00000E+00  0.00000E+00  0.00000E+00  0.00000E+00
    19  90.00
     1  11.276  78.724   0.000  0.25861E-15  0.25861E-15  0.00000E+00  0.00000E+00  0.00000E+00  0.00000E+00  0.00000E+00  0.00000E+00
    20 100.00
     1  11.276  88.724   0.000  0.46735E-15  0.46735E-15  0.00000E+00  0.00000E+00  0.00000E+00  0.00000E+00  0.00000E+00  0.00000E+00
