     1  12.00
     1  14.285   0.000   0.000  0.00000E+00  0.00000E+00  0.00000E+00  0.00000E+00  0.00000E+00  0.00000E+00  0.00000E+00  0.00000E+00
     2  15.052   0.000   0.000  0.00000E+00  0.00000E+00  0.00000E+00  0.00000E+00  0.00000E+00  0.00000E+00  0.00000E+00  0.00000E+00
     3  16.305   0.000   0.000  0.00000E+00  0.00000E+00  0.00000E+00  0.00000E+00  0.00000E+00  0.00000E+00  0.00000E+00  0.00000E+00
     4  17.558   0.000   0.000  0.00000E+00  0.00000E+00  0.00000E+00  0.00000E+00  0.00000E+00  0.00000E+00  0.00000E+00  0.00000E+00
     6  18.589   0.000   0.000  0.00000E+00  0.00000E+00  0.00000E+00  0.00000E+00  0.00000E+00  0.00000E+00  0.00000E+00  0.00000E+00
     8  20.052   0.000   0.000  0.00000E+00  0.00000E+00  0.00000E+00  0.00000E+00  0.00000E+00  0.00000E+00  0.00000E+00  0.00000E+00
     9  20.479   0.000   0.000  0.00000E+00  0.00000E+00  0.00000E+00  0.00000E+00  0.00000E+00  0.00000E+00  0.00000E+00  0.00000E+00
    10  21.393   0.000   0.000  0.00000E+00  0.00000E+00  0.00000E+00  0.00000E+00  0.00000E+00  0.00000E+00  0.00000E+00  0.00000E+00
    11  22.214   0.000   0.000  0.00000E+00  0.00000E+00  0.00000E+00  0.00000E+00  0.00000E+00  0.00000E+00  0.00000E+00  0.00000E+00
    12  23.033   0.000   0.000  0.00000E+00  0.00000E+00  0.00000E+00  0.00000E+00  0.00000E+00  0.00000E+00  0.00000E+00  0.00000E+00
    13  23.423   0.000   0.000  0.00000E+00  0.00000E+00  0.00000E+00  0.00000E+00  0.00000E+00  0.00000E+00  0.00000E+00  0.00000E+00
    14  23.703   0.000   0.000  0.00000E+00  0.00000E+00  0.00000E+00  0.00000E+00  0.00000E+00  0.00000E+00  0.00000E+00  0.00000E+00
    19  25.588   0.000   0.000  0.00000E+00  0.00000E+00  0.00000E+00  0.00000E+00  0.00000E+00  0.00000E+00  0.00000E+00  0.00000E+00
    22  26.705   0.000   0.000  0.00000E+00  0.00000E+00  0.00000E+00  0.00000E+00  0.00000E+00  0.00000E+00  0.00000E+00  0.00000E+00
    24  27.314   0.000   0.000  0.00000E+00  0.00000E+00  0.00000E+00  0.00000E+00  0.00000E+00  0.00000E+00  0.00000E+00  0.00000E+00
    29  28.602   0.000   0.000  0.00000E+00  0.00000E+00  0.00000E+00  0.00000E+00  0.00000E+00  0.00000E+00  0.00000E+00  0.00000E+00
     2  15.00
     1  14.285   0.715   0.864  0.29016E-20  0.10600E-27  0.29016E-20  0.00000E+00  0.00000E+00  0.00000E+00  0.00000E+00  0.00000E+00
     2  15.052   0.000   0.000  0.00000E+00  0.00000E+00  0.00000E+00  0.00000E+00  0.00000E+00  0.00000E+00  0.00000E+00  0.00000E+00
     3  16.305   0.000   0.000  0.00000E+00  0.00000E+00  0.00000E+00  0.00000E+00  0.00000E+00  0.00000E+00  0.00000E+00  0.00000E+00
     4  17.558   0.000   0.000  0.00000E+00  0.00000E+00  0.00000E+00  0.00000E+00  0.00000E+00  0.00000E+00  0.00000E+00  0.00000E+00
     6  18.589   0.000   0.000  0.00000E+00  0.00000E+00  0.00000E+00  0.00000E+00  0.00000E+00  0.00000E+00  0.00000E+00  0.00000E+00
     8  20.052   0.000   0.000  0.00000E+00  0.00000E+00  0.00000E+00  0.00000E+00  0.00000E+00  0.00000E+00  0.00000E+00  0.00000E+00
     9  20.479   0.000   0.000  0.00000E+00  0.00000E+00  0.00000E+00  0.00000E+00  0.00000E+00  0.00000E+00  0.00000E+00  0.00000E+00
    10  21.393   0.000   0.000  0.00000E+00  0.00000E+00  0.00000E+00  0.00000E+00  0.00000E+00  0.00000E+00  0.00000E+00  0.00000E+00
    11  22.214   0.000   0.000  0.00000E+00  0.00000E+00  0.00000E+00  0.00000E+00  0.00000E+00  0.00000E+00  0.00000E+00  0.00000E+00
    12  23.033   0.000   0.000  0.00000E+00  0.00000E+00  0.00000E+00  0.00000E+00  0.00000E+00  0.00000E+00  0.00000E+00  0.00000E+00
    13  23.423   0.000   0.000  0.00000E+00  0.00000E+00  0.00000E+00  0.00000E+00  0.00000E+00  0.00000E+00  0.00000E+00  0.00000E+00
    14  23.703   0.000   0.000  0.00000E+00  0.00000E+00  0.00000E+00  0.00000E+00  0.00000E+00  0.00000E+00  0.00000E+00  0.00000E+00
    19  25.588   0.000   0.000  0.00000E+00  0.00000E+00  0.00000E+00  0.00000E+00  0.00000E+00  0.00000E+00  0.00000E+00  0.00000E+00
    22  26.705   0.000   0.000  0.00000E+00  0.00000E+00  0.00000E+00  0.00000E+00  0.00000E+00  0.00000E+00  0.00000E+00  0.00000E+00
    24  27.314   0.000   0.000  0.00000E+00  0.00000E+00  0.00000E+00  0.00000E+00  0.00000E+00  0.00000E+00  0.00000E+00  0.00000E+00
    29  28.602   0.000   0.000  0.00000E+00  0.00000E+00  0.00000E+00  0.00000E+00  0.00000E+00  0.00000E+00  0.00000E+00  0.00000E+00
     3  18.00
     1  14.285   3.715   0.864  0.11776E-18  0.43019E-26  0.11776E-18  0.00000E+00  0.00000E+00  0.00000E+00  0.00000E+00  0.00000E+00
     2  15.052   2.948   1.631  0.36122E-19  0.30580E-26  0.36122E-19  0.00000E+00  0.00000E+00  0.00000E+00  0.00000E+00  0.00000E+00
     3  16.305   1.695   2.884  0.25872E-19  0.46882E-26  0.25872E-19  0.00000E+00  0.00000E+00  0.00000E+00  0.00000E+00  0.00000E+00
     4  17.558   0.000   0.000  0.00000E+00  0.00000E+00  0.00000E+00  0.00000E+00  0.00000E+00  0.00000E+00  0.00000E+00  0.00000E+00
     6  18.589   0.000   0.000  0.00000E+00  0.00000E+00  0.00000E+00  0.00000E+00  0.00000E+00  0.00000E+00  0.00000E+00  0.00000E+00
     8  20.052   0.000   0.000  0.00000E+00  0.00000E+00  0.00000E+00  0.00000E+00  0.00000E+00  0.00000E+00  0.00000E+00  0.00000E+00
     9  20.479   0.000   0.000  0.00000E+00  0.00000E+00  0.00000E+00  0.00000E+00  0.00000E+00  0.00000E+00  0.00000E+00  0.00000E+00
    10  21.393   0.000   0.000  0.00000E+00  0.00000E+00  0.00000E+00  0.00000E+00  0.00000E+00  0.00000E+00  0.00000E+00  0.00000E+00
    11  22.214   0.000   0.000  0.00000E+00  0.00000E+00  0.00000E+00  0.00000E+00  0.00000E+00  0.00000E+00  0.00000E+00  0.00000E+00
    12  23.033   0.000   0.000  0.00000E+00  0.00000E+00  0.00000E+00  0.00000E+00  0.00000E+00  0.00000E+00  0.00000E+00  0.00000E+00
    13  23.423   0.000   0.000  0.00000E+00  0.00000E+00  0.00000E+00  0.00000E+00  0.00000E+00  0.00000E+00  0.00000E+00  0.00000E+00
    14  23.703   0.000   0.000  0.00000E+00  0.00000E+00  0.00000E+00  0.00000E+00  0.00000E+00  0.00000E+00  0.00000E+00  0.00000E+00
    19  25.588   0.000   0.000  0.00000E+00  0.00000E+00  0.00000E+00  0.00000E+00  0.00000E+00  0.00000E+00  0.00000E+00  0.00000E+00
    22  26.705   0.000   0.000  0.00000E+00  0.00000E+00  0.00000E+00  0.00000E+00  0.00000E+00  0.00000E+00  0.00000E+00  0.00000E+00
    24  27.314   0.000   0.000  0.00000E+00  0.00000E+00  0.00000E+00  0.00000E+00  0.00000E+00  0.00000E+00  0.00000E+00  0.00000E+00
    29  28.602   0.000   0.000  0.00000E+00  0.00000E+00  0.00000E+00  0.00000E+00  0.00000E+00  0.00000E+00  0.00000E+00  0.00000E+00
     4  21.00
     1  14.285   6.715   0.864  0.37248E-18  0.13607E-25  0.37248E-18  0.00000E+00  0.00000E+00  0.00000E+00  0.00000E+00  0.00000E+00
     2  15.052   5.948   1.631  0.13914E-18  0.11779E-25  0.13914E-18  0.00000E+00  0.00000E+00  0.00000E+00  0.00000E+00  0.00000E+00
     3  16.305   4.695   2.884  0.20355E-18  0.36885E-25  0.20355E-18  0.00000E+00  0.00000E+00  0.00000E+00  0.00000E+00  0.00000E+00
     4  17.558   3.442   4.137  0.13023E-18  0.45429E-25  0.13023E-18  0.00000E+00  0.00000E+00  0.00000E+00  0.00000E+00  0.00000E+00
     6  18.589   2.411   5.168  0.48207E-19  0.25199E-25  0.47890E-19  0.00000E+00  0.00000E+00  0.23287E-21  0.00000E+00  0.83836E-22
     8  20.052   0.948   6.631  0.10058E-19  0.85353E-26  0.77471E-20  0.00000E+00  0.00000E+00  0.95719E-21  0.00000E+00  0.13536E-20
     9  20.479   0.521   7.058  0.00000E+00  0.00000E+00  0.00000E+00  0.00000E+00  0.00000E+00  0.00000E+00  0.00000E+00  0.00000E+00
    10  21.393   0.000   0.000  0.00000E+00  0.00000E+00  0.00000E+00  0.00000E+00  0.00000E+00  0.00000E+00  0.00000E+00  0.00000E+00
    11  22.214   0.000   0.000  0.00000E+00  0.00000E+00  0.00000E+00  0.00000E+00  0.00000E+00  0.00000E+00  0.00000E+00  0.00000E+00
    12  23.033   0.000   0.000  0.00000E+00  0.00000E+00  0.00000E+00  0.00000E+00  0.00000E+00  0.00000E+00  0.00000E+00  0.00000E+00
    13  23.423   0.000   0.000  0.00000E+00  0.00000E+00  0.00000E+00  0.00000E+00  0.00000E+00  0.00000E+00  0.00000E+00  0.00000E+00
    14  23.703   0.000   0.000  0.00000E+00  0.00000E+00  0.00000E+00  0.00000E+00  0.00000E+00  0.00000E+00  0.00000E+00  0.00000E+00
    19  25.588   0.000   0.000  0.00000E+00  0.00000E+00  0.00000E+00  0.00000E+00  0.00000E+00  0.00000E+00  0.00000E+00  0.00000E+00
    22  26.705   0.000   0.000  0.00000E+00  0.00000E+00  0.00000E+00  0.00000E+00  0.00000E+00  0.00000E+00  0.00000E+00  0.00000E+00
    24  27.314   0.000   0.000  0.00000E+00  0.00000E+00  0.00000E+00  0.00000E+00  0.00000E+00  0.00000E+00  0.00000E+00  0.00000E+00
    29  28.602   0.000   0.000  0.00000E+00  0.00000E+00  0.00000E+00  0.00000E+00  0.00000E+00  0.00000E+00  0.00000E+00  0.00000E+00
     5  24.00
     1  14.285   9.715   0.864  0.74466E-18  0.27203E-25  0.74466E-18  0.00000E+00  0.00000E+00  0.00000E+00  0.00000E+00  0.00000E+00
     2  15.052   8.948   1.631  0.29231E-18  0.24746E-25  0.29231E-18  0.00000E+00  0.00000E+00  0.00000E+00  0.00000E+00  0.00000E+00
     3  16.305   7.695   2.884  0.53304E-18  0.96592E-25  0.53304E-18  0.00000E+00  0.00000E+00  0.00000E+00  0.00000E+00  0.00000E+00
     4  17.558   6.442   4.137  0.44336E-18  0.15465E-24  0.44336E-18  0.00000E+00  0.00000E+00  0.00000E+00  0.00000E+00  0.00000E+00
     6  18.589   5.411   5.168  0.24111E-18  0.12603E-24  0.23953E-18  0.00000E+00  0.00000E+00  0.11647E-20  0.00000E+00  0.41931E-21
     8  20.052   3.948   6.631  0.21006E-18  0.17826E-24  0.16180E-18  0.00000E+00  0.00000E+00  0.19991E-19  0.00000E+00  0.28270E-19
     9  20.479   3.521   7.058  0.12107E-19  0.12448E-25  0.90282E-20  0.00000E+00  0.00000E+00  0.12393E-20  0.10534E-22  0.18285E-20
    10  21.393   2.607   7.972  0.16370E-19  0.22902E-25  0.10410E-19  0.00000E+00  0.00000E+00  0.19460E-20  0.10031E-20  0.30109E-20
    11  22.214   1.786   8.793  0.30556E-19  0.58138E-25  0.16613E-19  0.00000E+00  0.53961E-21  0.52603E-20  0.23191E-20  0.57929E-20
    12  23.033   0.967   9.612  0.69681E-20  0.18290E-25  0.32447E-20  0.00000E+00  0.16226E-21  0.14748E-20  0.54752E-21  0.14051E-20
    13  23.423   0.577  10.002  0.18874E-20  0.57114E-26  0.80505E-21  0.00000E+00  0.48480E-22  0.41364E-21  0.16723E-21  0.37428E-21
    14  23.703   0.000   0.000  0.00000E+00  0.00000E+00  0.00000E+00  0.00000E+00  0.00000E+00  0.00000E+00  0.00000E+00  0.00000E+00
    19  25.588   0.000   0.000  0.00000E+00  0.00000E+00  0.00000E+00  0.00000E+00  0.00000E+00  0.00000E+00  0.00000E+00  0.00000E+00
    22  26.705   0.000   0.000  0.00000E+00  0.00000E+00  0.00000E+00  0.00000E+00  0.00000E+00  0.00000E+00  0.00000E+00  0.00000E+00
    24  27.314   0.000   0.000  0.00000E+00  0.00000E+00  0.00000E+00  0.00000E+00  0.00000E+00  0.00000E+00  0.00000E+00  0.00000E+00
    29  28.602   0.000   0.000  0.00000E+00  0.00000E+00  0.00000E+00  0.00000E+00  0.00000E+00  0.00000E+00  0.00000E+00  0.00000E+00
     6  27.00
     1  14.285  12.715   0.864  0.12085E-17  0.44148E-25  0.12085E-17  0.00000E+00  0.00000E+00  0.00000E+00  0.00000E+00  0.00000E+00
     2  15.052  11.948   1.631  0.47960E-18  0.40602E-25  0.47960E-18  0.00000E+00  0.00000E+00  0.00000E+00  0.00000E+00  0.00000E+00
     3  16.305  10.695   2.884  0.99841E-18  0.18092E-24  0.99841E-18  0.00000E+00  0.00000E+00  0.00000E+00  0.00000E+00  0.00000E+00
     4  17.558   9.442   4.137  0.91396E-18  0.31881E-24  0.91396E-18  0.00000E+00  0.00000E+00  0.00000E+00  0.00000E+00  0.00000E+00
     6  18.589   8.411   5.168  0.56424E-18  0.29494E-24  0.56053E-18  0.00000E+00  0.00000E+00  0.27256E-20  0.00000E+00  0.98125E-21
     8  20.052   6.948   6.631  0.63412E-18  0.53812E-24  0.48843E-18  0.00000E+00  0.00000E+00  0.60348E-19  0.00000E+00  0.85340E-19
     9  20.479   6.521   7.058  0.43270E-19  0.44491E-25  0.32268E-19  0.00000E+00  0.00000E+00  0.44295E-20  0.37649E-22  0.65352E-20
    10  21.393   5.607   7.972  0.76064E-19  0.10641E-24  0.48370E-19  0.00000E+00  0.00000E+00  0.90425E-20  0.46610E-20  0.13990E-19
    11  22.214   4.786   8.793  0.22236E-18  0.42308E-24  0.12090E-18  0.00000E+00  0.39269E-20  0.38281E-19  0.16877E-19  0.42157E-19
    12  23.033   3.967   9.612  0.14029E-18  0.36823E-24  0.65325E-19  0.00000E+00  0.32668E-20  0.29692E-19  0.11023E-19  0.28290E-19
    13  23.423   3.577  10.002  0.23851E-18  0.72173E-24  0.10173E-18  0.00000E+00  0.61262E-20  0.52270E-19  0.21132E-19  0.47296E-19
    14  23.703   3.297  10.282  0.12399E-18  0.41072E-24  0.49039E-19  0.00000E+00  0.33193E-20  0.27510E-19  0.12307E-19  0.23647E-19
    19  25.588   1.412  12.167  0.18660E-19  0.11245E-24  0.43954E-20  0.00000E+00  0.76620E-21  0.44627E-20  0.24040E-20  0.23516E-20
    22  26.705   0.000   0.000  0.00000E+00  0.00000E+00  0.00000E+00  0.00000E+00  0.00000E+00  0.00000E+00  0.00000E+00  0.00000E+00
    24  27.314   0.000   0.000  0.00000E+00  0.00000E+00  0.00000E+00  0.00000E+00  0.00000E+00  0.00000E+00  0.00000E+00  0.00000E+00
    29  28.602   0.000   0.000  0.00000E+00  0.00000E+00  0.00000E+00  0.00000E+00  0.00000E+00  0.00000E+00  0.00000E+00  0.00000E+00
     7  30.00
     1  14.285  15.715   0.864  0.17365E-17  0.63436E-25  0.17365E-17  0.00000E+00  0.00000E+00  0.00000E+00  0.00000E+00  0.00000E+00
     2  15.052  14.948   1.631  0.68577E-18  0.58056E-25  0.68577E-18  0.00000E+00  0.00000E+00  0.00000E+00  0.00000E+00  0.00000E+00
     3  16.305  13.695   2.884  0.15833E-17  0.28691E-24  0.15833E-17  0.00000E+00  0.00000E+00  0.00000E+00  0.00000E+00  0.00000E+00
     4  17.558  12.442   4.137  0.15143E-17  0.52823E-24  0.15143E-17  0.00000E+00  0.00000E+00  0.00000E+00  0.00000E+00  0.00000E+00
     6  18.589  11.411   5.168  0.99987E-18  0.52265E-24  0.99330E-18  0.00000E+00  0.00000E+00  0.48299E-20  0.00000E+00  0.17388E-20
     8  20.052   9.948   6.631  0.12562E-17  0.10660E-23  0.96757E-18  0.00000E+00  0.00000E+00  0.11955E-18  0.00000E+00  0.16906E-18
     9  20.479   9.521   7.058  0.94973E-19  0.97653E-25  0.70824E-19  0.00000E+00  0.00000E+00  0.97221E-20  0.82634E-22  0.14344E-19
    10  21.393   8.607   7.972  0.17583E-18  0.24599E-24  0.11181E-18  0.00000E+00  0.00000E+00  0.20903E-19  0.10774E-19  0.32340E-19
    11  22.214   7.786   8.793  0.56765E-18  0.10801E-23  0.30863E-18  0.00000E+00  0.10025E-19  0.97724E-19  0.43083E-19  0.10762E-18
    12  23.033   6.967   9.612  0.41947E-18  0.11010E-23  0.19532E-18  0.00000E+00  0.97677E-20  0.88780E-19  0.32959E-19  0.84587E-19
    13  23.423   6.577  10.002  0.80659E-18  0.24408E-23  0.34404E-18  0.00000E+00  0.20718E-19  0.17677E-18  0.71466E-19  0.15995E-18
    14  23.703   6.297  10.282  0.44366E-18  0.14697E-23  0.17548E-18  0.00000E+00  0.11877E-19  0.98440E-19  0.44040E-19  0.84617E-19
    19  25.588   4.412  12.167  0.19173E-18  0.11554E-23  0.45161E-19  0.00000E+00  0.78725E-20  0.45852E-19  0.24700E-19  0.24162E-19
    22  26.705   3.295  13.284  0.78767E-19  0.69506E-24  0.14272E-19  0.00000E+00  0.44103E-20  0.19239E-19  0.87728E-20  0.76745E-20
    24  27.314   2.686  13.893  0.17973E-18  0.19370E-23  0.28378E-19  0.00000E+00  0.11746E-19  0.43660E-19  0.18118E-19  0.15234E-19
    29  28.602   1.398  15.181  0.18747E-19  0.28982E-24  0.21987E-20  0.00000E+00  0.15266E-20  0.41280E-20  0.17615E-20  0.11723E-20
     8  33.00
     1  14.285  18.715   0.864  0.23009E-17  0.84054E-25  0.23009E-17  0.00000E+00  0.00000E+00  0.00000E+00  0.00000E+00  0.00000E+00
     2  15.052  17.948   1.631  0.89710E-18  0.75947E-25  0.89710E-18  0.00000E+00  0.00000E+00  0.00000E+00  0.00000E+00  0.00000E+00
     3  16.305  16.695   2.884  0.22711E-17  0.41156E-24  0.22711E-17  0.00000E+00  0.00000E+00  0.00000E+00  0.00000E+00  0.00000E+00
     4  17.558  15.442   4.137  0.22159E-17  0.77295E-24  0.22159E-17  0.00000E+00  0.00000E+00  0.00000E+00  0.00000E+00  0.00000E+00
     6  18.589  14.411   5.168  0.15293E-17  0.79938E-24  0.15192E-17  0.00000E+00  0.00000E+00  0.73872E-20  0.00000E+00  0.26595E-20
     8  20.052  12.948   6.631  0.20493E-17  0.17391E-23  0.15785E-17  0.00000E+00  0.00000E+00  0.19503E-18  0.00000E+00  0.27580E-18
     9  20.479  12.521   7.058  0.16833E-18  0.17308E-24  0.12553E-18  0.00000E+00  0.00000E+00  0.17232E-19  0.14646E-21  0.25424E-19
    10  21.393  11.607   7.972  0.31146E-18  0.43574E-24  0.19806E-18  0.00000E+00  0.00000E+00  0.37026E-19  0.19085E-19  0.57286E-19
    11  22.214  10.786   8.793  0.10446E-17  0.19876E-23  0.56796E-18  0.00000E+00  0.18448E-19  0.17984E-18  0.79285E-19  0.19805E-18
    12  23.033   9.967   9.612  0.82402E-18  0.21629E-23  0.38370E-18  0.00000E+00  0.19188E-19  0.17440E-18  0.64748E-19  0.16617E-18
    13  23.423   9.577  10.002  0.16927E-17  0.51221E-23  0.72199E-18  0.00000E+00  0.43478E-19  0.37096E-18  0.14998E-18  0.33566E-18
    14  23.703   9.297  10.282  0.93589E-18  0.31003E-23  0.37017E-18  0.00000E+00  0.25055E-19  0.20766E-18  0.92901E-19  0.17850E-18
    19  25.588   7.412  12.167  0.51969E-18  0.31317E-23  0.12241E-18  0.00000E+00  0.21339E-19  0.12429E-18  0.66952E-19  0.65494E-19
    22  26.705   6.295  13.284  0.27991E-18  0.24700E-23  0.50719E-19  0.00000E+00  0.15673E-19  0.68370E-19  0.31176E-19  0.27272E-19
    24  27.314   5.686  13.893  0.79401E-18  0.85572E-23  0.12536E-18  0.00000E+00  0.51889E-19  0.19288E-18  0.80038E-19  0.67299E-19
    29  28.602   4.398  15.181  0.20140E-18  0.31136E-23  0.23621E-19  0.00000E+00  0.16400E-19  0.44348E-19  0.18924E-19  0.12595E-19
     9  36.00
     1  14.285  21.715   0.864  0.28751E-17  0.10503E-24  0.28751E-17  0.00000E+00  0.00000E+00  0.00000E+00  0.00000E+00  0.00000E+00
     2  15.052  20.948   1.631  0.11020E-17  0.93292E-25  0.11020E-17  0.00000E+00  0.00000E+00  0.00000E+00  0.00000E+00  0.00000E+00
     3  16.305  19.695   2.884  0.30456E-17  0.55190E-24  0.30456E-17  0.00000E+00  0.00000E+00  0.00000E+00  0.00000E+00  0.00000E+00
     4  17.558  18.442   4.137  0.29901E-17  0.10430E-23  0.29901E-17  0.00000E+00  0.00000E+00  0.00000E+00  0.00000E+00  0.00000E+00
     6  18.589  17.411   5.168  0.21332E-17  0.11151E-23  0.21192E-17  0.00000E+00  0.00000E+00  0.10305E-19  0.00000E+00  0.37098E-20
     8  20.052  15.948   6.631  0.29863E-17  0.25343E-23  0.23002E-17  0.00000E+00  0.00000E+00  0.28421E-18  0.00000E+00  0.40191E-18
     9  20.479  15.521   7.058  0.26417E-18  0.27162E-24  0.19700E-18  0.00000E+00  0.00000E+00  0.27042E-19  0.22985E-21  0.39898E-19
    10  21.393  14.607   7.972  0.47798E-18  0.66869E-24  0.30395E-18  0.00000E+00  0.00000E+00  0.56822E-19  0.29289E-19  0.87914E-19
    11  22.214  13.786   8.793  0.16320E-17  0.31052E-23  0.88730E-18  0.00000E+00  0.28821E-19  0.28095E-18  0.12386E-18  0.30940E-18
    12  23.033  12.967   9.612  0.13328E-17  0.34983E-23  0.62063E-18  0.00000E+00  0.31036E-19  0.28209E-18  0.10473E-18  0.26877E-18
    13  23.423  12.577  10.002  0.28797E-17  0.87141E-23  0.12283E-17  0.00000E+00  0.73967E-19  0.63111E-18  0.25515E-18  0.57105E-18
    14  23.703  12.297  10.282  0.15777E-17  0.52265E-23  0.62403E-18  0.00000E+00  0.42238E-19  0.35007E-18  0.15661E-18  0.30091E-18
    19  25.588  10.412  12.167  0.97547E-18  0.58783E-23  0.22977E-18  0.00000E+00  0.40054E-19  0.23329E-18  0.12567E-18  0.12293E-18
    22  26.705   9.295  13.284  0.58598E-18  0.51709E-23  0.10618E-18  0.00000E+00  0.32810E-19  0.14313E-18  0.65265E-19  0.57094E-19
    24  27.314   8.686  13.893  0.17832E-17  0.19218E-22  0.28155E-18  0.00000E+00  0.11653E-18  0.43317E-18  0.17975E-18  0.15114E-18
    29  28.602   7.398  15.181  0.56185E-18  0.86861E-23  0.65896E-19  0.00000E+00  0.45752E-19  0.12372E-18  0.52793E-19  0.35135E-19
    10  39.00
     1  14.285  24.715   0.864  0.34349E-17  0.12548E-24  0.34349E-17  0.00000E+00  0.00000E+00  0.00000E+00  0.00000E+00  0.00000E+00
     2  15.052  23.948   1.631  0.12914E-17  0.10933E-24  0.12914E-17  0.00000E+00  0.00000E+00  0.00000E+00  0.00000E+00  0.00000E+00
     3  16.305  22.695   2.884  0.38907E-17  0.70504E-24  0.38907E-17  0.00000E+00  0.00000E+00  0.00000E+00  0.00000E+00  0.00000E+00
     4  17.558  21.442   4.137  0.38095E-17  0.13288E-23  0.38095E-17  0.00000E+00  0.00000E+00  0.00000E+00  0.00000E+00  0.00000E+00
     6  18.589  20.411   5.168  0.27926E-17  0.14598E-23  0.27743E-17  0.00000E+00  0.00000E+00  0.13490E-19  0.00000E+00  0.48566E-20
     8  20.052  18.948   6.631  0.40405E-17  0.34289E-23  0.31122E-17  0.00000E+00  0.00000E+00  0.38453E-18  0.00000E+00  0.54378E-18
     9  20.479  18.521   7.058  0.38295E-18  0.39376E-24  0.28558E-18  0.00000E+00  0.00000E+00  0.39202E-19  0.33320E-21  0.57839E-19
    10  21.393  17.607   7.972  0.66986E-18  0.93714E-24  0.42597E-18  0.00000E+00  0.00000E+00  0.79633E-19  0.41047E-19  0.12321E-18
    11  22.214  16.786   8.793  0.23092E-17  0.43936E-23  0.12555E-17  0.00000E+00  0.40780E-19  0.39753E-18  0.17526E-18  0.43778E-18
    12  23.033  15.967   9.612  0.19247E-17  0.50519E-23  0.89625E-18  0.00000E+00  0.44820E-19  0.40737E-18  0.15124E-18  0.38813E-18
    13  23.423  15.577  10.002  0.43481E-17  0.13158E-22  0.18546E-17  0.00000E+00  0.11168E-18  0.95292E-18  0.38525E-18  0.86223E-18
    14  23.703  15.297  10.282  0.23459E-17  0.77710E-23  0.92784E-18  0.00000E+00  0.62802E-19  0.52051E-18  0.23286E-18  0.44742E-18
    19  25.588  13.412  12.167  0.15315E-17  0.92288E-23  0.36073E-18  0.00000E+00  0.62883E-19  0.36626E-18  0.19730E-18  0.19300E-18
    22  26.705  12.295  13.284  0.98063E-18  0.86533E-23  0.17769E-18  0.00000E+00  0.54907E-19  0.23952E-18  0.10922E-18  0.95545E-19
    24  27.314  11.686  13.893  0.30858E-17  0.33257E-22  0.48721E-18  0.00000E+00  0.20166E-18  0.74959E-18  0.31106E-18  0.26155E-18
    29  28.602  10.398  15.181  0.10859E-17  0.16788E-22  0.12736E-18  0.00000E+00  0.88427E-19  0.23911E-18  0.10204E-18  0.67907E-19
    11  42.00
     1  14.285  27.715   0.864  0.39596E-17  0.14465E-24  0.39596E-17  0.00000E+00  0.00000E+00  0.00000E+00  0.00000E+00  0.00000E+00
     2  15.052  26.948   1.631  0.14592E-17  0.12353E-24  0.14592E-17  0.00000E+00  0.00000E+00  0.00000E+00  0.00000E+00  0.00000E+00
     3  16.305  25.695   2.884  0.47912E-17  0.86822E-24  0.47912E-17  0.00000E+00  0.00000E+00  0.00000E+00  0.00000E+00  0.00000E+00
     4  17.558  24.442   4.137  0.46484E-17  0.16215E-23  0.46484E-17  0.00000E+00  0.00000E+00  0.00000E+00  0.00000E+00  0.00000E+00
     6  18.589  23.411   5.168  0.34890E-17  0.18237E-23  0.34660E-17  0.00000E+00  0.00000E+00  0.16854E-19  0.00000E+00  0.60675E-20
     8  20.052  21.948   6.631  0.51859E-17  0.44009E-23  0.39944E-17  0.00000E+00  0.00000E+00  0.49353E-18  0.00000E+00  0.69792E-18
     9  20.479  21.521   7.058  0.52482E-18  0.53963E-24  0.39137E-18  0.00000E+00  0.00000E+00  0.53725E-19  0.45664E-21  0.79265E-19
    10  21.393  20.607   7.972  0.88127E-18  0.12329E-23  0.56041E-18  0.00000E+00  0.00000E+00  0.10476E-18  0.54002E-19  0.16209E-18
    11  22.214  19.786   8.793  0.30567E-17  0.58159E-23  0.16619E-17  0.00000E+00  0.53981E-19  0.52622E-18  0.23199E-18  0.57951E-18
    12  23.033  18.967   9.612  0.25792E-17  0.67696E-23  0.12010E-17  0.00000E+00  0.60058E-19  0.54588E-18  0.20266E-18  0.52009E-18
    13  23.423  18.577  10.002  0.60761E-17  0.18386E-22  0.25916E-17  0.00000E+00  0.15607E-18  0.13316E-17  0.53836E-18  0.12049E-17
    14  23.703  18.297  10.282  0.32171E-17  0.10657E-22  0.12724E-17  0.00000E+00  0.86125E-19  0.71381E-18  0.31934E-18  0.61357E-18
    19  25.588  16.412  12.167  0.21605E-17  0.13020E-22  0.50891E-18  0.00000E+00  0.88713E-19  0.51670E-18  0.27834E-18  0.27228E-18
    22  26.705  15.295  13.284  0.14481E-17  0.12778E-22  0.26238E-18  0.00000E+00  0.81080E-19  0.35370E-18  0.16128E-18  0.14109E-18
    24  27.314  14.686  13.893  0.46389E-17  0.49995E-22  0.73242E-18  0.00000E+00  0.30316E-18  0.11269E-17  0.46761E-18  0.39319E-18
    29  28.602  13.398  15.181  0.17587E-17  0.27190E-22  0.20627E-18  0.00000E+00  0.14321E-18  0.38726E-18  0.16526E-18  0.10998E-18
    12  45.00
     1  14.285  30.715   0.864  0.44327E-17  0.16193E-24  0.44327E-17  0.00000E+00  0.00000E+00  0.00000E+00  0.00000E+00  0.00000E+00
     2  15.052  29.948   1.631  0.16021E-17  0.13563E-24  0.16021E-17  0.00000E+00  0.00000E+00  0.00000E+00  0.00000E+00  0.00000E+00
     3  16.305  28.695   2.884  0.57327E-17  0.10388E-23  0.57327E-17  0.00000E+00  0.00000E+00  0.00000E+00  0.00000E+00  0.00000E+00
     4  17.558  27.442   4.137  0.54839E-17  0.19129E-23  0.54839E-17  0.00000E+00  0.00000E+00  0.00000E+00  0.00000E+00  0.00000E+00
     6  18.589  26.411   5.168  0.42047E-17  0.21979E-23  0.41771E-17  0.00000E+00  0.00000E+00  0.20311E-19  0.00000E+00  0.73123E-20
     8  20.052  24.948   6.631  0.63980E-17  0.54294E-23  0.49280E-17  0.00000E+00  0.00000E+00  0.60888E-18  0.00000E+00  0.86104E-18
     9  20.479  24.521   7.058  0.68953E-18  0.70899E-24  0.51420E-18  0.00000E+00  0.00000E+00  0.70586E-19  0.59995E-21  0.10414E-18
    10  21.393  23.607   7.972  0.11063E-17  0.15477E-23  0.70348E-18  0.00000E+00  0.00000E+00  0.13151E-18  0.67788E-19  0.20347E-18
    11  22.214  22.786   8.793  0.38564E-17  0.73375E-23  0.20967E-17  0.00000E+00  0.68104E-19  0.66390E-18  0.29269E-18  0.73112E-18
    12  23.033  21.967   9.612  0.32765E-17  0.86001E-23  0.15257E-17  0.00000E+00  0.76298E-19  0.69348E-18  0.25745E-18  0.66072E-18
    13  23.423  21.577  10.002  0.80397E-17  0.24328E-22  0.34292E-17  0.00000E+00  0.20650E-18  0.17619E-17  0.71233E-18  0.15943E-17
    14  23.703  21.297  10.282  0.41686E-17  0.13809E-22  0.16488E-17  0.00000E+00  0.11160E-18  0.92494E-18  0.41379E-18  0.79506E-18
    19  25.588  19.412  12.167  0.28368E-17  0.17095E-22  0.66820E-18  0.00000E+00  0.11648E-18  0.67843E-18  0.36546E-18  0.35751E-18
    22  26.705  18.295  13.284  0.19733E-17  0.17413E-22  0.35755E-18  0.00000E+00  0.11049E-18  0.48199E-18  0.21978E-18  0.19226E-18
    24  27.314  17.686  13.893  0.63802E-17  0.68761E-22  0.10074E-17  0.00000E+00  0.41695E-18  0.15498E-17  0.64314E-18  0.54078E-18
    29  28.602  16.398  15.181  0.25650E-17  0.39654E-22  0.30083E-18  0.00000E+00  0.20887E-18  0.56479E-18  0.24101E-18  0.16040E-18
    13  50.00
     1  14.285  35.715   0.864  0.50761E-17  0.18543E-24  0.50761E-17  0.00000E+00  0.00000E+00  0.00000E+00  0.00000E+00  0.00000E+00
     2  15.052  34.948   1.631  0.17853E-17  0.15114E-24  0.17853E-17  0.00000E+00  0.00000E+00  0.00000E+00  0.00000E+00  0.00000E+00
     3  16.305  33.695   2.884  0.73572E-17  0.13332E-23  0.73572E-17  0.00000E+00  0.00000E+00  0.00000E+00  0.00000E+00  0.00000E+00
     4  17.558  32.442   4.137  0.68161E-17  0.23776E-23  0.68161E-17  0.00000E+00  0.00000E+00  0.00000E+00  0.00000E+00  0.00000E+00
     6  18.589  31.411   5.168  0.53980E-17  0.28216E-23  0.53625E-17  0.00000E+00  0.00000E+00  0.26075E-19  0.00000E+00  0.93875E-20
     8  20.052  29.948   6.631  0.85052E-17  0.72177E-23  0.65511E-17  0.00000E+00  0.00000E+00  0.80943E-18  0.00000E+00  0.11446E-17
     9  20.479  29.521   7.058  0.10130E-17  0.10416E-23  0.75546E-18  0.00000E+00  0.00000E+00  0.10370E-18  0.88144E-21  0.15300E-18
    10  21.393  28.607   7.972  0.14957E-17  0.20925E-23  0.95113E-18  0.00000E+00  0.00000E+00  0.17781E-18  0.91652E-19  0.27510E-18
    11  22.214  27.786   8.793  0.52608E-17  0.10010E-22  0.28603E-17  0.00000E+00  0.92905E-19  0.90567E-18  0.39928E-18  0.99737E-18
    12  23.033  26.967   9.612  0.44861E-17  0.11775E-22  0.20889E-17  0.00000E+00  0.10446E-18  0.94948E-18  0.35249E-18  0.90464E-18
    13  23.423  26.577  10.002  0.11765E-16  0.35602E-22  0.50183E-17  0.00000E+00  0.30220E-18  0.25784E-17  0.10424E-17  0.23330E-17
    14  23.703  26.297  10.282  0.58746E-17  0.19460E-22  0.23235E-17  0.00000E+00  0.15727E-18  0.13035E-17  0.58314E-18  0.11204E-17
    19  25.588  24.412  12.167  0.40054E-17  0.24137E-22  0.94347E-18  0.00000E+00  0.16447E-18  0.95791E-18  0.51601E-18  0.50478E-18
    22  26.705  23.295  13.284  0.29393E-17  0.25937E-22  0.53260E-18  0.00000E+00  0.16458E-18  0.71795E-18  0.32737E-18  0.28639E-18
    24  27.314  22.686  13.893  0.95395E-17  0.10281E-21  0.15062E-17  0.00000E+00  0.62341E-18  0.23173E-17  0.96161E-18  0.80855E-18
    29  28.602  21.398  15.181  0.41626E-17  0.64353E-22  0.48821E-18  0.00000E+00  0.33897E-18  0.91659E-18  0.39114E-18  0.26031E-18
    14  55.00
     1  14.285  40.715   0.864  0.55193E-17  0.20162E-24  0.55193E-17  0.00000E+00  0.00000E+00  0.00000E+00  0.00000E+00  0.00000E+00
     2  15.052  39.948   1.631  0.19132E-17  0.16197E-24  0.19132E-17  0.00000E+00  0.00000E+00  0.00000E+00  0.00000E+00  0.00000E+00
     3  16.305  38.695   2.884  0.90051E-17  0.16318E-23  0.90051E-17  0.00000E+00  0.00000E+00  0.00000E+00  0.00000E+00  0.00000E+00
     4  17.558  37.442   4.137  0.80140E-17  0.27955E-23  0.80140E-17  0.00000E+00  0.00000E+00  0.00000E+00  0.00000E+00  0.00000E+00
     6  18.589  36.411   5.168  0.65382E-17  0.34177E-23  0.64953E-17  0.00000E+00  0.00000E+00  0.31583E-19  0.00000E+00  0.11370E-19
     8  20.052  34.948   6.631  0.10643E-16  0.90317E-23  0.81977E-17  0.00000E+00  0.00000E+00  0.10129E-17  0.00000E+00  0.14323E-17
     9  20.479  34.521   7.058  0.13934E-17  0.14327E-23  0.10391E-17  0.00000E+00  0.00000E+00  0.14264E-18  0.12124E-20  0.21045E-18
    10  21.393  33.607   7.972  0.18819E-17  0.26328E-23  0.11967E-17  0.00000E+00  0.00000E+00  0.22372E-18  0.11532E-18  0.34614E-18
    11  22.214  32.786   8.793  0.66978E-17  0.12744E-22  0.36416E-17  0.00000E+00  0.11828E-18  0.11531E-17  0.50835E-18  0.12698E-17
    12  23.033  31.967   9.612  0.56939E-17  0.14945E-22  0.26513E-17  0.00000E+00  0.13259E-18  0.12051E-17  0.44739E-18  0.11482E-17
    13  23.423  31.577  10.002  0.15946E-16  0.48251E-22  0.68013E-17  0.00000E+00  0.40957E-18  0.34946E-17  0.14128E-17  0.31620E-17
    14  23.703  31.297  10.282  0.76518E-17  0.25348E-22  0.30264E-17  0.00000E+00  0.20485E-18  0.16978E-17  0.75955E-18  0.14594E-17
    19  25.588  29.412  12.167  0.51470E-17  0.31016E-22  0.12124E-17  0.00000E+00  0.21134E-18  0.12309E-17  0.66308E-18  0.64865E-18
    22  26.705  28.295  13.284  0.39688E-17  0.35022E-22  0.71914E-18  0.00000E+00  0.22222E-18  0.96941E-18  0.44203E-18  0.38669E-18
    24  27.314  27.686  13.893  0.12806E-16  0.13801E-21  0.20219E-17  0.00000E+00  0.83688E-18  0.31107E-17  0.12909E-17  0.10854E-17
    29  28.602  26.398  15.181  0.60146E-17  0.92984E-22  0.70541E-18  0.00000E+00  0.48977E-18  0.13244E-17  0.56515E-18  0.37612E-18
    15  60.00
     1  14.285  45.715   0.864  0.57715E-17  0.21084E-24  0.57715E-17  0.00000E+00  0.00000E+00  0.00000E+00  0.00000E+00  0.00000E+00
     2  15.052  44.948   1.631  0.20148E-17  0.17057E-24  0.20148E-17  0.00000E+00  0.00000E+00  0.00000E+00  0.00000E+00  0.00000E+00
     3  16.305  43.695   2.884  0.10633E-16  0.19267E-23  0.10633E-16  0.00000E+00  0.00000E+00  0.00000E+00  0.00000E+00  0.00000E+00
     4  17.558  42.442   4.137  0.90348E-17  0.31515E-23  0.90348E-17  0.00000E+00  0.00000E+00  0.00000E+00  0.00000E+00  0.00000E+00
     6  18.589  41.411   5.168  0.75781E-17  0.39612E-23  0.75283E-17  0.00000E+00  0.00000E+00  0.36607E-19  0.00000E+00  0.13179E-19
     8  20.052  39.948   6.631  0.12737E-16  0.10809E-22  0.98106E-17  0.00000E+00  0.00000E+00  0.12122E-17  0.00000E+00  0.17142E-17
     9  20.479  39.521   7.058  0.18235E-17  0.18750E-23  0.13598E-17  0.00000E+00  0.00000E+00  0.18667E-18  0.15866E-20  0.27541E-18
    10  21.393  38.607   7.972  0.22443E-17  0.31398E-23  0.14272E-17  0.00000E+00  0.00000E+00  0.26681E-18  0.13753E-18  0.41280E-18
    11  22.214  37.786   8.793  0.81145E-17  0.15439E-22  0.44118E-17  0.00000E+00  0.14330E-18  0.13969E-17  0.61587E-18  0.15384E-17
    12  23.033  36.967   9.612  0.68450E-17  0.17966E-22  0.31873E-17  0.00000E+00  0.15939E-18  0.14487E-17  0.53784E-18  0.13803E-17
    13  23.423  36.577  10.002  0.20446E-16  0.61869E-22  0.87208E-17  0.00000E+00  0.52516E-18  0.44808E-17  0.18115E-17  0.40544E-17
    14  23.703  36.297  10.282  0.94214E-17  0.31210E-22  0.37264E-17  0.00000E+00  0.25222E-18  0.20904E-17  0.93520E-18  0.17969E-17
    19  25.588  34.412  12.167  0.61931E-17  0.37320E-22  0.14588E-17  0.00000E+00  0.25429E-18  0.14811E-17  0.79785E-18  0.78048E-18
    22  26.705  33.295  13.284  0.50127E-17  0.44233E-22  0.90829E-18  0.00000E+00  0.28067E-18  0.12244E-17  0.55830E-18  0.48840E-18
    24  27.314  32.686  13.893  0.15973E-16  0.17214E-21  0.25219E-17  0.00000E+00  0.10438E-17  0.38801E-17  0.16101E-17  0.13538E-17
    29  28.602  31.398  15.181  0.80495E-17  0.12444E-21  0.94407E-18  0.00000E+00  0.65547E-18  0.17724E-17  0.75635E-18  0.50337E-18
    16  65.00
     1  14.285  50.715   0.864  0.58699E-17  0.21443E-24  0.58699E-17  0.00000E+00  0.00000E+00  0.00000E+00  0.00000E+00  0.00000E+00
     2  15.052  49.948   1.631  0.21272E-17  0.18009E-24  0.21272E-17  0.00000E+00  0.00000E+00  0.00000E+00  0.00000E+00  0.00000E+00
     3  16.305  48.695   2.884  0.12206E-16  0.22119E-23  0.12206E-16  0.00000E+00  0.00000E+00  0.00000E+00  0.00000E+00  0.00000E+00
     4  17.558  47.442   4.137  0.98624E-17  0.34402E-23  0.98624E-17  0.00000E+00  0.00000E+00  0.00000E+00  0.00000E+00  0.00000E+00
     6  18.589  46.411   5.168  0.84871E-17  0.44364E-23  0.84313E-17  0.00000E+00  0.00000E+00  0.40997E-19  0.00000E+00  0.14760E-19
     8  20.052  44.948   6.631  0.14733E-16  0.12503E-22  0.11348E-16  0.00000E+00  0.00000E+00  0.14021E-17  0.00000E+00  0.19828E-17
     9  20.479  44.521   7.058  0.22944E-17  0.23591E-23  0.17110E-17  0.00000E+00  0.00000E+00  0.23487E-18  0.19963E-20  0.34652E-18
    10  21.393  43.607   7.972  0.25677E-17  0.35922E-23  0.16328E-17  0.00000E+00  0.00000E+00  0.30524E-18  0.15734E-18  0.47227E-18
    11  22.214  42.786   8.793  0.94712E-17  0.18021E-22  0.51494E-17  0.00000E+00  0.16726E-18  0.16305E-17  0.71884E-18  0.17956E-17
    12  23.033  41.967   9.612  0.79027E-17  0.20743E-22  0.36799E-17  0.00000E+00  0.18402E-18  0.16726E-17  0.62095E-18  0.15936E-17
    13  23.423  41.577  10.002  0.25129E-16  0.76042E-22  0.10719E-16  0.00000E+00  0.64547E-18  0.55073E-17  0.22265E-17  0.49831E-17
    14  23.703  41.297  10.282  0.11120E-16  0.36837E-22  0.43983E-17  0.00000E+00  0.29770E-18  0.24674E-17  0.11038E-17  0.21209E-17
    19  25.588  39.412  12.167  0.71011E-17  0.42792E-22  0.16727E-17  0.00000E+00  0.29158E-18  0.16983E-17  0.91483E-18  0.89492E-18
    22  26.705  38.295  13.284  0.60320E-17  0.53228E-22  0.10930E-17  0.00000E+00  0.33775E-18  0.14734E-17  0.67183E-18  0.58772E-18
    24  27.314  37.686  13.893  0.18887E-16  0.20355E-21  0.29820E-17  0.00000E+00  0.12343E-17  0.45879E-17  0.19039E-17  0.16008E-17
    29  28.602  36.398  15.181  0.10199E-16  0.15768E-21  0.11962E-17  0.00000E+00  0.83054E-18  0.22458E-17  0.95836E-18  0.63781E-18
    17  70.00
     1  14.285  55.715   0.864  0.58705E-17  0.21445E-24  0.58705E-17  0.00000E+00  0.00000E+00  0.00000E+00  0.00000E+00  0.00000E+00
     2  15.052  54.948   1.631  0.22891E-17  0.19379E-24  0.22891E-17  0.00000E+00  0.00000E+00  0.00000E+00  0.00000E+00  0.00000E+00
     3  16.305  53.695   2.884  0.13702E-16  0.24830E-23  0.13702E-16  0.00000E+00  0.00000E+00  0.00000E+00  0.00000E+00  0.00000E+00
     4  17.558  52.442   4.137  0.10503E-16  0.36638E-23  0.10503E-16  0.00000E+00  0.00000E+00  0.00000E+00  0.00000E+00  0.00000E+00
     6  18.589  51.411   5.168  0.92504E-17  0.48354E-23  0.91896E-17  0.00000E+00  0.00000E+00  0.44685E-19  0.00000E+00  0.16087E-19
     8  20.052  49.948   6.631  0.16595E-16  0.14083E-22  0.12782E-16  0.00000E+00  0.00000E+00  0.15793E-17  0.00000E+00  0.22334E-17
     9  20.479  49.521   7.058  0.27958E-17  0.28747E-23  0.20849E-17  0.00000E+00  0.00000E+00  0.28620E-18  0.24326E-20  0.42226E-18
    10  21.393  48.607   7.972  0.28427E-17  0.39769E-23  0.18077E-17  0.00000E+00  0.00000E+00  0.33794E-18  0.17419E-18  0.52285E-18
    11  22.214  47.786   8.793  0.10741E-16  0.20437E-22  0.58399E-17  0.00000E+00  0.18969E-18  0.18491E-17  0.81522E-18  0.20364E-17
    12  23.033  46.967   9.612  0.88477E-17  0.23223E-22  0.41199E-17  0.00000E+00  0.20603E-18  0.18726E-17  0.69521E-18  0.17842E-17
    13  23.423  46.577  10.002  0.29863E-16  0.90366E-22  0.12738E-16  0.00000E+00  0.76705E-18  0.65447E-17  0.26459E-17  0.59218E-17
    14  23.703  46.297  10.282  0.12702E-16  0.42076E-22  0.50237E-17  0.00000E+00  0.34004E-18  0.28183E-17  0.12608E-17  0.24225E-17
    19  25.588  44.412  12.167  0.78528E-17  0.47322E-22  0.18497E-17  0.00000E+00  0.32244E-18  0.18780E-17  0.10117E-17  0.98965E-18
    22  26.705  43.295  13.284  0.69980E-17  0.61752E-22  0.12680E-17  0.00000E+00  0.39183E-18  0.17093E-17  0.77941E-18  0.68183E-18
    24  27.314  42.686  13.893  0.21449E-16  0.23116E-21  0.33864E-17  0.00000E+00  0.14017E-17  0.52101E-17  0.21621E-17  0.18179E-17
    29  28.602  41.398  15.181  0.12402E-16  0.19172E-21  0.14545E-17  0.00000E+00  0.10099E-17  0.27308E-17  0.11653E-17  0.77553E-18
    18  80.00
     1  14.285  65.715   0.864  0.58321E-17  0.21305E-24  0.58321E-17  0.00000E+00  0.00000E+00  0.00000E+00  0.00000E+00  0.00000E+00
     2  15.052  64.948   1.631  0.28866E-17  0.24437E-24  0.28866E-17  0.00000E+00  0.00000E+00  0.00000E+00  0.00000E+00  0.00000E+00
     3  16.305  63.695   2.884  0.16412E-16  0.29739E-23  0.16412E-16  0.00000E+00  0.00000E+00  0.00000E+00  0.00000E+00  0.00000E+00
     4  17.558  62.442   4.137  0.11330E-16  0.39523E-23  0.11330E-16  0.00000E+00  0.00000E+00  0.00000E+00  0.00000E+00  0.00000E+00
     6  18.589  61.411   5.168  0.10350E-16  0.54103E-23  0.10282E-16  0.00000E+00  0.00000E+00  0.49998E-19  0.00000E+00  0.18000E-19
     8  20.052  59.948   6.631  0.19858E-16  0.16852E-22  0.15295E-16  0.00000E+00  0.00000E+00  0.18898E-17  0.00000E+00  0.26725E-17
     9  20.479  59.521   7.058  0.38481E-17  0.39567E-23  0.28696E-17  0.00000E+00  0.00000E+00  0.39392E-18  0.33481E-20  0.58118E-18
    10  21.393  58.607   7.972  0.32392E-17  0.45317E-23  0.20598E-17  0.00000E+00  0.00000E+00  0.38507E-18  0.19849E-18  0.59578E-18
    11  22.214  57.786   8.793  0.12968E-16  0.24675E-22  0.70508E-17  0.00000E+00  0.22902E-18  0.22326E-17  0.98426E-18  0.24586E-17
    12  23.033  56.967   9.612  0.10397E-16  0.27290E-22  0.48414E-17  0.00000E+00  0.24211E-18  0.22006E-17  0.81696E-18  0.20966E-17
    13  23.423  56.577  10.002  0.38994E-16  0.11800E-21  0.16632E-16  0.00000E+00  0.10016E-17  0.85457E-17  0.34549E-17  0.77324E-17
    14  23.703  56.297  10.282  0.15404E-16  0.51028E-22  0.60926E-17  0.00000E+00  0.41239E-18  0.34179E-17  0.15291E-17  0.29379E-17
    19  25.588  54.412  12.167  0.89106E-17  0.53696E-22  0.20989E-17  0.00000E+00  0.36588E-18  0.21310E-17  0.11479E-17  0.11230E-17
    22  26.705  53.295  13.284  0.87028E-17  0.76796E-22  0.15769E-17  0.00000E+00  0.48729E-18  0.21257E-17  0.96930E-18  0.84794E-18
    24  27.314  52.686  13.893  0.25361E-16  0.27333E-21  0.40042E-17  0.00000E+00  0.16574E-17  0.61606E-17  0.25565E-17  0.21496E-17
    29  28.602  51.398  15.181  0.16748E-16  0.25892E-21  0.19642E-17  0.00000E+00  0.13638E-17  0.36878E-17  0.15737E-17  0.10473E-17
    19  90.00
     1  14.285  75.715   0.864  0.61009E-17  0.22287E-24  0.61009E-17  0.00000E+00  0.00000E+00  0.00000E+00  0.00000E+00  0.00000E+00
     2  15.052  74.948   1.631  0.39486E-17  0.33428E-24  0.39486E-17  0.00000E+00  0.00000E+00  0.00000E+00  0.00000E+00  0.00000E+00
     3  16.305  73.695   2.884  0.18727E-16  0.33935E-23  0.18727E-16  0.00000E+00  0.00000E+00  0.00000E+00  0.00000E+00  0.00000E+00
     4  17.558  72.442   4.137  0.11798E-16  0.41155E-23  0.11798E-16  0.00000E+00  0.00000E+00  0.00000E+00  0.00000E+00  0.00000E+00
     6  18.589  71.411   5.168  0.10993E-16  0.57462E-23  0.10921E-16  0.00000E+00  0.00000E+00  0.53101E-19  0.00000E+00  0.19117E-19
     8  20.052  69.948   6.631  0.22532E-16  0.19121E-22  0.17355E-16  0.00000E+00  0.00000E+00  0.21443E-17  0.00000E+00  0.30323E-17
     9  20.479  69.521   7.058  0.49005E-17  0.50388E-23  0.36545E-17  0.00000E+00  0.00000E+00  0.50166E-18  0.42639E-20  0.74014E-18
    10  21.393  68.607   7.972  0.34624E-17  0.48439E-23  0.22018E-17  0.00000E+00  0.00000E+00  0.41161E-18  0.21217E-18  0.63683E-18
    11  22.214  67.786   8.793  0.14773E-16  0.28109E-22  0.80322E-17  0.00000E+00  0.26089E-18  0.25433E-17  0.11213E-17  0.28008E-17
    12  23.033  66.967   9.612  0.11594E-16  0.30433E-22  0.53989E-17  0.00000E+00  0.26999E-18  0.24540E-17  0.91103E-18  0.23381E-17
    13  23.423  66.577  10.002  0.47020E-16  0.14228E-21  0.20056E-16  0.00000E+00  0.12077E-17  0.10305E-16  0.41661E-17  0.93241E-17
    14  23.703  66.297  10.282  0.17450E-16  0.57807E-22  0.69020E-17  0.00000E+00  0.46717E-18  0.38719E-17  0.17322E-17  0.33282E-17
    19  25.588  64.412  12.167  0.95289E-17  0.57422E-22  0.22445E-17  0.00000E+00  0.39127E-18  0.22789E-17  0.12276E-17  0.12009E-17
    22  26.705  63.295  13.284  0.10077E-16  0.88921E-22  0.18259E-17  0.00000E+00  0.56422E-18  0.24613E-17  0.11223E-17  0.98181E-18
    24  27.314  62.686  13.893  0.27774E-16  0.29933E-21  0.43852E-17  0.00000E+00  0.18151E-17  0.67467E-17  0.27997E-17  0.23541E-17
    29  28.602  61.398  15.181  0.20740E-16  0.32064E-21  0.24325E-17  0.00000E+00  0.16889E-17  0.45669E-17  0.19488E-17  0.12970E-17
    20 100.00
     1  14.285  85.715   0.864  0.69043E-17  0.25222E-24  0.69043E-17  0.00000E+00  0.00000E+00  0.00000E+00  0.00000E+00  0.00000E+00
     2  15.052  84.948   1.631  0.54306E-17  0.45974E-24  0.54306E-17  0.00000E+00  0.00000E+00  0.00000E+00  0.00000E+00  0.00000E+00
     3  16.305  83.695   2.884  0.20691E-16  0.37494E-23  0.20691E-16  0.00000E+00  0.00000E+00  0.00000E+00  0.00000E+00  0.00000E+00
     4  17.558  82.442   4.137  0.12186E-16  0.42509E-23  0.12186E-16  0.00000E+00  0.00000E+00  0.00000E+00  0.00000E+00  0.00000E+00
     6  18.589  81.411   5.168  0.11374E-16  0.59453E-23  0.11299E-16  0.00000E+00  0.00000E+00  0.54942E-19  0.00000E+00  0.19780E-19
     8  20.052  79.948   6.631  0.24758E-16  0.21010E-22  0.19070E-16  0.00000E+00  0.00000E+00  0.23561E-17  0.00000E+00  0.33319E-17
     9  20.479  79.521   7.058  0.58932E-17  0.60595E-23  0.43947E-17  0.00000E+00  0.00000E+00  0.60327E-18  0.51276E-20  0.89006E-18
    10  21.393  78.607   7.972  0.35869E-17  0.50182E-23  0.22810E-17  0.00000E+00  0.00000E+00  0.42642E-18  0.21980E-18  0.65974E-18
    11  22.214  77.786   8.793  0.16221E-16  0.30864E-22  0.88194E-17  0.00000E+00  0.28646E-18  0.27926E-17  0.12311E-17  0.30753E-17
    12  23.033  76.967   9.612  0.12633E-16  0.33159E-22  0.58825E-17  0.00000E+00  0.29417E-18  0.26738E-17  0.99264E-18  0.25475E-17
    13  23.423  76.577  10.002  0.53435E-16  0.16170E-21  0.22792E-16  0.00000E+00  0.13725E-17  0.11711E-16  0.47345E-17  0.10596E-16
    14  23.703  76.297  10.282  0.18929E-16  0.62704E-22  0.74867E-17  0.00000E+00  0.50675E-18  0.41999E-17  0.18789E-17  0.36102E-17
    19  25.588  74.412  12.167  0.99368E-17  0.59880E-22  0.23406E-17  0.00000E+00  0.40801E-18  0.23764E-17  0.12801E-17  0.12523E-17
    22  26.705  73.295  13.284  0.11173E-16  0.98592E-22  0.20245E-17  0.00000E+00  0.62559E-18  0.27290E-17  0.12444E-17  0.10886E-17
    24  27.314  72.686  13.893  0.29102E-16  0.31364E-21  0.45948E-17  0.00000E+00  0.19018E-17  0.70692E-17  0.29335E-17  0.24666E-17
    29  28.602  71.398  15.181  0.24170E-16  0.37366E-21  0.28347E-17  0.00000E+00  0.19681E-17  0.53220E-17  0.22711E-17  0.15114E-17
