     1  12.00
     1  11.183   0.817   0.000  0.10728E-19  0.10728E-19  0.00000E+00  0.00000E+00  0.00000E+00  0.00000E+00  0.00000E+00  0.00000E+00
     2  16.593   0.000   0.000  0.00000E+00  0.00000E+00  0.00000E+00  0.00000E+00  0.00000E+00  0.00000E+00  0.00000E+00  0.00000E+00
     3  19.297   0.000   0.000  0.00000E+00  0.00000E+00  0.00000E+00  0.00000E+00  0.00000E+00  0.00000E+00  0.00000E+00  0.00000E+00
     5  21.540   0.000   0.000  0.00000E+00  0.00000E+00  0.00000E+00  0.00000E+00  0.00000E+00  0.00000E+00  0.00000E+00  0.00000E+00
     6  21.744   0.000   0.000  0.00000E+00  0.00000E+00  0.00000E+00  0.00000E+00  0.00000E+00  0.00000E+00  0.00000E+00  0.00000E+00
     7  22.754   0.000   0.000  0.00000E+00  0.00000E+00  0.00000E+00  0.00000E+00  0.00000E+00  0.00000E+00  0.00000E+00  0.00000E+00
     8  23.244   0.000   0.000  0.00000E+00  0.00000E+00  0.00000E+00  0.00000E+00  0.00000E+00  0.00000E+00  0.00000E+00  0.00000E+00
     9  24.167   0.000   0.000  0.00000E+00  0.00000E+00  0.00000E+00  0.00000E+00  0.00000E+00  0.00000E+00  0.00000E+00  0.00000E+00
    10  24.541   0.000   0.000  0.00000E+00  0.00000E+00  0.00000E+00  0.00000E+00  0.00000E+00  0.00000E+00  0.00000E+00  0.00000E+00
    11  25.226   0.000   0.000  0.00000E+00  0.00000E+00  0.00000E+00  0.00000E+00  0.00000E+00  0.00000E+00  0.00000E+00  0.00000E+00
    12  25.379   0.000   0.000  0.00000E+00  0.00000E+00  0.00000E+00  0.00000E+00  0.00000E+00  0.00000E+00  0.00000E+00  0.00000E+00
    13  26.001   0.000   0.000  0.00000E+00  0.00000E+00  0.00000E+00  0.00000E+00  0.00000E+00  0.00000E+00  0.00000E+00  0.00000E+00
    14  26.276   0.000   0.000  0.00000E+00  0.00000E+00  0.00000E+00  0.00000E+00  0.00000E+00  0.00000E+00  0.00000E+00  0.00000E+00
    15  26.829   0.000   0.000  0.00000E+00  0.00000E+00  0.00000E+00  0.00000E+00  0.00000E+00  0.00000E+00  0.00000E+00  0.00000E+00
    19  27.780   0.000   0.000  0.00000E+00  0.00000E+00  0.00000E+00  0.00000E+00  0.00000E+00  0.00000E+00  0.00000E+00  0.00000E+00
     2  15.00
     1  11.183   3.817   0.000  0.49612E-18  0.49612E-18  0.00000E+00  0.00000E+00  0.00000E+00  0.00000E+00  0.00000E+00  0.00000E+00
     2  16.593   0.000   0.000  0.00000E+00  0.00000E+00  0.00000E+00  0.00000E+00  0.00000E+00  0.00000E+00  0.00000E+00  0.00000E+00
     3  19.297   0.000   0.000  0.00000E+00  0.00000E+00  0.00000E+00  0.00000E+00  0.00000E+00  0.00000E+00  0.00000E+00  0.00000E+00
     5  21.540   0.000   0.000  0.00000E+00  0.00000E+00  0.00000E+00  0.00000E+00  0.00000E+00  0.00000E+00  0.00000E+00  0.00000E+00
     6  21.744   0.000   0.000  0.00000E+00  0.00000E+00  0.00000E+00  0.00000E+00  0.00000E+00  0.00000E+00  0.00000E+00  0.00000E+00
     7  22.754   0.000   0.000  0.00000E+00  0.00000E+00  0.00000E+00  0.00000E+00  0.00000E+00  0.00000E+00  0.00000E+00  0.00000E+00
     8  23.244   0.000   0.000  0.00000E+00  0.00000E+00  0.00000E+00  0.00000E+00  0.00000E+00  0.00000E+00  0.00000E+00  0.00000E+00
     9  24.167   0.000   0.000  0.00000E+00  0.00000E+00  0.00000E+00  0.00000E+00  0.00000E+00  0.00000E+00  0.00000E+00  0.00000E+00
    10  24.541   0.000   0.000  0.00000E+00  0.00000E+00  0.00000E+00  0.00000E+00  0.00000E+00  0.00000E+00  0.00000E+00  0.00000E+00
    11  25.226   0.000   0.000  0.00000E+00  0.00000E+00  0.00000E+00  0.00000E+00  0.00000E+00  0.00000E+00  0.00000E+00  0.00000E+00
    12  25.379   0.000   0.000  0.00000E+00  0.00000E+00  0.00000E+00  0.00000E+00  0.00000E+00  0.00000E+00  0.00000E+00  0.00000E+00
    13  26.001   0.000   0.000  0.00000E+00  0.00000E+00  0.00000E+00  0.00000E+00  0.00000E+00  0.00000E+00  0.00000E+00  0.00000E+00
    14  26.276   0.000   0.000  0.00000E+00  0.00000E+00  0.00000E+00  0.00000E+00  0.00000E+00  0.00000E+00  0.00000E+00  0.00000E+00
    15  26.829   0.000   0.000  0.00000E+00  0.00000E+00  0.00000E+00  0.00000E+00  0.00000E+00  0.00000E+00  0.00000E+00  0.00000E+00
    19  27.780   0.000   0.000  0.00000E+00  0.00000E+00  0.00000E+00  0.00000E+00  0.00000E+00  0.00000E+00  0.00000E+00  0.00000E+00
     3  18.00
     1  11.183   6.817   0.000  0.22503E-17  0.22503E-17  0.00000E+00  0.00000E+00  0.00000E+00  0.00000E+00  0.00000E+00  0.00000E+00
     2  16.593   1.407   3.172  0.18157E-19  0.75525E-25  0.18157E-19  0.00000E+00  0.00000E+00  0.00000E+00  0.00000E+00  0.00000E+00
     3  19.297   0.000   0.000  0.00000E+00  0.00000E+00  0.00000E+00  0.00000E+00  0.00000E+00  0.00000E+00  0.00000E+00  0.00000E+00
     5  21.540   0.000   0.000  0.00000E+00  0.00000E+00  0.00000E+00  0.00000E+00  0.00000E+00  0.00000E+00  0.00000E+00  0.00000E+00
     6  21.744   0.000   0.000  0.00000E+00  0.00000E+00  0.00000E+00  0.00000E+00  0.00000E+00  0.00000E+00  0.00000E+00  0.00000E+00
     7  22.754   0.000   0.000  0.00000E+00  0.00000E+00  0.00000E+00  0.00000E+00  0.00000E+00  0.00000E+00  0.00000E+00  0.00000E+00
     8  23.244   0.000   0.000  0.00000E+00  0.00000E+00  0.00000E+00  0.00000E+00  0.00000E+00  0.00000E+00  0.00000E+00  0.00000E+00
     9  24.167   0.000   0.000  0.00000E+00  0.00000E+00  0.00000E+00  0.00000E+00  0.00000E+00  0.00000E+00  0.00000E+00  0.00000E+00
    10  24.541   0.000   0.000  0.00000E+00  0.00000E+00  0.00000E+00  0.00000E+00  0.00000E+00  0.00000E+00  0.00000E+00  0.00000E+00
    11  25.226   0.000   0.000  0.00000E+00  0.00000E+00  0.00000E+00  0.00000E+00  0.00000E+00  0.00000E+00  0.00000E+00  0.00000E+00
    12  25.379   0.000   0.000  0.00000E+00  0.00000E+00  0.00000E+00  0.00000E+00  0.00000E+00  0.00000E+00  0.00000E+00  0.00000E+00
    13  26.001   0.000   0.000  0.00000E+00  0.00000E+00  0.00000E+00  0.00000E+00  0.00000E+00  0.00000E+00  0.00000E+00  0.00000E+00
    14  26.276   0.000   0.000  0.00000E+00  0.00000E+00  0.00000E+00  0.00000E+00  0.00000E+00  0.00000E+00  0.00000E+00  0.00000E+00
    15  26.829   0.000   0.000  0.00000E+00  0.00000E+00  0.00000E+00  0.00000E+00  0.00000E+00  0.00000E+00  0.00000E+00  0.00000E+00
    19  27.780   0.000   0.000  0.00000E+00  0.00000E+00  0.00000E+00  0.00000E+00  0.00000E+00  0.00000E+00  0.00000E+00  0.00000E+00
     4  21.00
     1  11.183   9.817   0.000  0.61823E-17  0.61823E-17  0.00000E+00  0.00000E+00  0.00000E+00  0.00000E+00  0.00000E+00  0.00000E+00
     2  16.593   4.407   3.172  0.35759E-18  0.14874E-23  0.35759E-18  0.00000E+00  0.00000E+00  0.00000E+00  0.00000E+00  0.00000E+00
     3  19.297   1.703   5.876  0.14296E-19  0.30065E-24  0.14295E-19  0.00000E+00  0.00000E+00  0.00000E+00  0.00000E+00  0.00000E+00
     5  21.540   0.000   0.000  0.00000E+00  0.00000E+00  0.00000E+00  0.00000E+00  0.00000E+00  0.00000E+00  0.00000E+00  0.00000E+00
     6  21.744   0.000   0.000  0.00000E+00  0.00000E+00  0.00000E+00  0.00000E+00  0.00000E+00  0.00000E+00  0.00000E+00  0.00000E+00
     7  22.754   0.000   0.000  0.00000E+00  0.00000E+00  0.00000E+00  0.00000E+00  0.00000E+00  0.00000E+00  0.00000E+00  0.00000E+00
     8  23.244   0.000   0.000  0.00000E+00  0.00000E+00  0.00000E+00  0.00000E+00  0.00000E+00  0.00000E+00  0.00000E+00  0.00000E+00
     9  24.167   0.000   0.000  0.00000E+00  0.00000E+00  0.00000E+00  0.00000E+00  0.00000E+00  0.00000E+00  0.00000E+00  0.00000E+00
    10  24.541   0.000   0.000  0.00000E+00  0.00000E+00  0.00000E+00  0.00000E+00  0.00000E+00  0.00000E+00  0.00000E+00  0.00000E+00
    11  25.226   0.000   0.000  0.00000E+00  0.00000E+00  0.00000E+00  0.00000E+00  0.00000E+00  0.00000E+00  0.00000E+00  0.00000E+00
    12  25.379   0.000   0.000  0.00000E+00  0.00000E+00  0.00000E+00  0.00000E+00  0.00000E+00  0.00000E+00  0.00000E+00  0.00000E+00
    13  26.001   0.000   0.000  0.00000E+00  0.00000E+00  0.00000E+00  0.00000E+00  0.00000E+00  0.00000E+00  0.00000E+00  0.00000E+00
    14  26.276   0.000   0.000  0.00000E+00  0.00000E+00  0.00000E+00  0.00000E+00  0.00000E+00  0.00000E+00  0.00000E+00  0.00000E+00
    15  26.829   0.000   0.000  0.00000E+00  0.00000E+00  0.00000E+00  0.00000E+00  0.00000E+00  0.00000E+00  0.00000E+00  0.00000E+00
    19  27.780   0.000   0.000  0.00000E+00  0.00000E+00  0.00000E+00  0.00000E+00  0.00000E+00  0.00000E+00  0.00000E+00  0.00000E+00
     5  24.00
     1  11.183  12.817   0.000  0.13300E-16  0.13300E-16  0.00000E+00  0.00000E+00  0.00000E+00  0.00000E+00  0.00000E+00  0.00000E+00
     2  16.593   7.407   3.172  0.16143E-17  0.67148E-23  0.16143E-17  0.00000E+00  0.00000E+00  0.00000E+00  0.00000E+00  0.00000E+00
     3  19.297   4.703   5.876  0.16067E-18  0.33791E-23  0.16067E-18  0.00000E+00  0.00000E+00  0.00000E+00  0.00000E+00  0.00000E+00
     5  21.540   2.460   8.119  0.15459E-17  0.57576E-22  0.15458E-17  0.00000E+00  0.00000E+00  0.00000E+00  0.00000E+00  0.32987E-23
     6  21.744   2.256   8.323  0.21719E-19  0.86501E-24  0.21713E-19  0.00000E+00  0.00000E+00  0.36253E-23  0.00000E+00  0.18518E-23
     7  22.754   1.246   9.333  0.57987E-20  0.29834E-24  0.52930E-20  0.00000E+00  0.00000E+00  0.29495E-21  0.00000E+00  0.21037E-21
     8  23.244   0.756   9.823  0.13629E-20  0.81452E-25  0.11741E-20  0.00000E+00  0.00000E+00  0.95524E-22  0.00000E+00  0.93220E-22
     9  24.167   0.000   0.000  0.00000E+00  0.00000E+00  0.00000E+00  0.00000E+00  0.00000E+00  0.00000E+00  0.00000E+00  0.00000E+00
    10  24.541   0.000   0.000  0.00000E+00  0.00000E+00  0.00000E+00  0.00000E+00  0.00000E+00  0.00000E+00  0.00000E+00  0.00000E+00
    11  25.226   0.000   0.000  0.00000E+00  0.00000E+00  0.00000E+00  0.00000E+00  0.00000E+00  0.00000E+00  0.00000E+00  0.00000E+00
    12  25.379   0.000   0.000  0.00000E+00  0.00000E+00  0.00000E+00  0.00000E+00  0.00000E+00  0.00000E+00  0.00000E+00  0.00000E+00
    13  26.001   0.000   0.000  0.00000E+00  0.00000E+00  0.00000E+00  0.00000E+00  0.00000E+00  0.00000E+00  0.00000E+00  0.00000E+00
    14  26.276   0.000   0.000  0.00000E+00  0.00000E+00  0.00000E+00  0.00000E+00  0.00000E+00  0.00000E+00  0.00000E+00  0.00000E+00
    15  26.829   0.000   0.000  0.00000E+00  0.00000E+00  0.00000E+00  0.00000E+00  0.00000E+00  0.00000E+00  0.00000E+00  0.00000E+00
    19  27.780   0.000   0.000  0.00000E+00  0.00000E+00  0.00000E+00  0.00000E+00  0.00000E+00  0.00000E+00  0.00000E+00  0.00000E+00
     6  27.00
     1  11.183  15.817   0.000  0.24633E-16  0.24633E-16  0.00000E+00  0.00000E+00  0.00000E+00  0.00000E+00  0.00000E+00  0.00000E+00
     2  16.593  10.407   3.172  0.45997E-17  0.19133E-22  0.45997E-17  0.00000E+00  0.00000E+00  0.00000E+00  0.00000E+00  0.00000E+00
     3  19.297   7.703   5.876  0.77008E-18  0.16196E-22  0.77006E-18  0.00000E+00  0.00000E+00  0.00000E+00  0.00000E+00  0.00000E+00
     5  21.540   5.460   8.119  0.94151E-17  0.35066E-21  0.94148E-17  0.00000E+00  0.00000E+00  0.00000E+00  0.00000E+00  0.20090E-22
     6  21.744   5.256   8.323  0.14266E-18  0.56814E-23  0.14261E-18  0.00000E+00  0.00000E+00  0.23811E-22  0.00000E+00  0.12163E-22
     7  22.754   4.246   9.333  0.96870E-19  0.49840E-23  0.88423E-19  0.00000E+00  0.00000E+00  0.49273E-20  0.00000E+00  0.35144E-20
     8  23.244   3.756   9.823  0.65459E-19  0.39120E-23  0.56390E-19  0.00000E+00  0.00000E+00  0.45879E-20  0.00000E+00  0.44772E-20
     9  24.167   2.833  10.746  0.28920E-20  0.24645E-24  0.22158E-20  0.00000E+00  0.00000E+00  0.22243E-21  0.83061E-22  0.37050E-21
    10  24.541   2.459  11.120  0.81357E-20  0.78153E-24  0.56971E-20  0.00000E+00  0.00000E+00  0.62887E-21  0.48166E-21  0.13273E-20
    11  25.226   1.774  11.805  0.51913E-19  0.64348E-23  0.31206E-19  0.00000E+00  0.11850E-21  0.42130E-20  0.44393E-20  0.11926E-19
    12  25.379   1.621  11.958  0.20609E-18  0.27059E-22  0.11957E-18  0.00000E+00  0.83497E-21  0.17647E-19  0.17934E-19  0.50025E-19
    13  26.001   0.999  12.580  0.26672E-21  0.42149E-25  0.12898E-21  0.00000E+00  0.27703E-23  0.36965E-22  0.21758E-22  0.69786E-22
    14  26.276   0.724  12.855  0.21539E-21  0.36456E-25  0.96376E-22  0.00000E+00  0.26041E-23  0.32083E-22  0.18121E-22  0.56365E-22
    15  26.829   0.000   0.000  0.00000E+00  0.00000E+00  0.00000E+00  0.00000E+00  0.00000E+00  0.00000E+00  0.00000E+00  0.00000E+00
    19  27.780   0.000   0.000  0.00000E+00  0.00000E+00  0.00000E+00  0.00000E+00  0.00000E+00  0.00000E+00  0.00000E+00  0.00000E+00
     7  30.00
     1  11.183  18.817   0.000  0.41155E-16  0.41155E-16  0.00000E+00  0.00000E+00  0.00000E+00  0.00000E+00  0.00000E+00  0.00000E+00
     2  16.593  13.407   3.172  0.10278E-16  0.42753E-22  0.10278E-16  0.00000E+00  0.00000E+00  0.00000E+00  0.00000E+00  0.00000E+00
     3  19.297  10.703   5.876  0.24963E-17  0.52499E-22  0.24962E-17  0.00000E+00  0.00000E+00  0.00000E+00  0.00000E+00  0.00000E+00
     5  21.540   8.460   8.119  0.26904E-16  0.10020E-20  0.26903E-16  0.00000E+00  0.00000E+00  0.00000E+00  0.00000E+00  0.57409E-22
     6  21.744   8.256   8.323  0.41387E-18  0.16483E-22  0.41375E-18  0.00000E+00  0.00000E+00  0.69081E-22  0.00000E+00  0.35287E-22
     7  22.754   7.246   9.333  0.34876E-18  0.17944E-22  0.31835E-18  0.00000E+00  0.00000E+00  0.17740E-19  0.00000E+00  0.12653E-19
     8  23.244   6.756   9.823  0.26344E-18  0.15744E-22  0.22695E-18  0.00000E+00  0.00000E+00  0.18464E-19  0.00000E+00  0.18019E-19
     9  24.167   5.833  10.746  0.26620E-19  0.22685E-23  0.20396E-19  0.00000E+00  0.00000E+00  0.20474E-20  0.76455E-21  0.34103E-20
    10  24.541   5.459  11.120  0.64532E-19  0.61990E-23  0.45189E-19  0.00000E+00  0.00000E+00  0.49882E-20  0.38205E-20  0.10528E-19
    11  25.226   4.774  11.805  0.55655E-18  0.68986E-22  0.33456E-18  0.00000E+00  0.12704E-20  0.45167E-19  0.47592E-19  0.12786E-18
    12  25.379   4.621  11.958  0.26760E-17  0.35134E-21  0.15526E-17  0.00000E+00  0.10841E-19  0.22913E-18  0.23285E-18  0.64953E-18
    13  26.001   3.999  12.580  0.10543E-19  0.16662E-23  0.50987E-20  0.00000E+00  0.10951E-21  0.14612E-20  0.86010E-21  0.27587E-20
    14  26.276   3.724  12.855  0.14986E-19  0.25364E-23  0.67051E-20  0.00000E+00  0.18118E-21  0.22321E-20  0.12608E-20  0.39215E-20
    15  26.829   3.171  13.408  0.63993E-20  0.11577E-23  0.24341E-20  0.00000E+00  0.89038E-22  0.10014E-20  0.68010E-21  0.15636E-20
    19  27.780   2.220  14.359  0.86908E-20  0.13070E-23  0.25389E-20  0.00000E+00  0.14769E-21  0.14352E-20  0.12434E-20  0.16273E-20
     8  33.00
     1  11.183  21.817   0.000  0.63714E-16  0.63714E-16  0.00000E+00  0.00000E+00  0.00000E+00  0.00000E+00  0.00000E+00  0.00000E+00
     2  16.593  16.407   3.172  0.19694E-16  0.81918E-22  0.19694E-16  0.00000E+00  0.00000E+00  0.00000E+00  0.00000E+00  0.00000E+00
     3  19.297  13.703   5.876  0.62403E-17  0.13124E-21  0.62402E-17  0.00000E+00  0.00000E+00  0.00000E+00  0.00000E+00  0.00000E+00
     5  21.540  11.460   8.119  0.57682E-16  0.21483E-20  0.57679E-16  0.00000E+00  0.00000E+00  0.00000E+00  0.00000E+00  0.12308E-21
     6  21.744  11.256   8.323  0.89594E-18  0.35682E-22  0.89567E-18  0.00000E+00  0.00000E+00  0.14954E-21  0.00000E+00  0.76387E-22
     7  22.754  10.246   9.333  0.83268E-18  0.42842E-22  0.76007E-18  0.00000E+00  0.00000E+00  0.42355E-19  0.00000E+00  0.30209E-19
     8  23.244   9.756   9.823  0.65936E-18  0.39405E-22  0.56801E-18  0.00000E+00  0.00000E+00  0.46213E-19  0.00000E+00  0.45098E-19
     9  24.167   8.833  10.746  0.10547E-18  0.89880E-23  0.80811E-19  0.00000E+00  0.00000E+00  0.81120E-20  0.30293E-20  0.13512E-19
    10  24.541   8.459  11.120  0.22370E-18  0.21489E-22  0.15665E-18  0.00000E+00  0.00000E+00  0.17292E-19  0.13244E-19  0.36496E-19
    11  25.226   7.774  11.805  0.19597E-17  0.24291E-21  0.11780E-17  0.00000E+00  0.44732E-20  0.15904E-18  0.16758E-18  0.45021E-18
    12  25.379   7.621  11.958  0.10156E-16  0.13335E-20  0.58926E-17  0.00000E+00  0.41148E-19  0.86964E-18  0.88378E-18  0.24652E-17
    13  26.001   6.999  12.580  0.55297E-19  0.87385E-23  0.26741E-19  0.00000E+00  0.57436E-21  0.76637E-20  0.45110E-20  0.14468E-19
    14  26.276   6.724  12.855  0.72110E-19  0.12205E-22  0.32265E-19  0.00000E+00  0.87181E-21  0.10741E-19  0.60667E-20  0.18870E-19
    15  26.829   6.171  13.408  0.40051E-19  0.72458E-23  0.15234E-19  0.00000E+00  0.55727E-21  0.62677E-20  0.42565E-20  0.97861E-20
    19  27.780   5.220  14.359  0.68293E-19  0.10270E-22  0.19951E-19  0.00000E+00  0.11606E-20  0.11278E-19  0.97711E-20  0.12788E-19
     9  36.00
     1  11.183  24.817   0.000  0.92971E-16  0.92971E-16  0.00000E+00  0.00000E+00  0.00000E+00  0.00000E+00  0.00000E+00  0.00000E+00
     2  16.593  19.407   3.172  0.33896E-16  0.14099E-21  0.33896E-16  0.00000E+00  0.00000E+00  0.00000E+00  0.00000E+00  0.00000E+00
     3  19.297  16.703   5.876  0.13068E-16  0.27483E-21  0.13068E-16  0.00000E+00  0.00000E+00  0.00000E+00  0.00000E+00  0.00000E+00
     5  21.540  14.460   8.119  0.10561E-15  0.39334E-20  0.10561E-15  0.00000E+00  0.00000E+00  0.00000E+00  0.00000E+00  0.22536E-21
     6  21.744  14.256   8.323  0.16569E-17  0.65990E-22  0.16565E-17  0.00000E+00  0.00000E+00  0.27657E-21  0.00000E+00  0.14127E-21
     7  22.754  13.246   9.333  0.16202E-17  0.83359E-22  0.14789E-17  0.00000E+00  0.00000E+00  0.82411E-19  0.00000E+00  0.58779E-19
     8  23.244  12.756   9.823  0.13197E-17  0.78869E-22  0.11369E-17  0.00000E+00  0.00000E+00  0.92494E-19  0.00000E+00  0.90263E-19
     9  24.167  11.833  10.746  0.28649E-18  0.24414E-22  0.21950E-18  0.00000E+00  0.00000E+00  0.22034E-19  0.82283E-20  0.36703E-19
    10  24.541  11.459  11.120  0.55424E-18  0.53242E-22  0.38811E-18  0.00000E+00  0.00000E+00  0.42842E-19  0.32813E-19  0.90423E-19
    11  25.226  10.774  11.805  0.47645E-17  0.59058E-21  0.28641E-17  0.00000E+00  0.10876E-19  0.38667E-18  0.40743E-18  0.10946E-17
    12  25.379  10.621  11.958  0.25945E-16  0.34065E-20  0.15053E-16  0.00000E+00  0.10511E-18  0.22215E-17  0.22576E-17  0.62975E-17
    13  26.001   9.999  12.580  0.17108E-18  0.27036E-22  0.82734E-19  0.00000E+00  0.17770E-20  0.23710E-19  0.13956E-19  0.44763E-19
    14  26.276   9.724  12.855  0.20644E-18  0.34941E-22  0.92369E-19  0.00000E+00  0.24958E-20  0.30749E-19  0.17368E-19  0.54021E-19
    15  26.829   9.171  13.408  0.13093E-18  0.23688E-22  0.49803E-19  0.00000E+00  0.18218E-20  0.20490E-19  0.13915E-19  0.31992E-19
    19  27.780   8.220  14.359  0.22160E-18  0.33325E-22  0.64737E-19  0.00000E+00  0.37658E-20  0.36594E-19  0.31705E-19  0.41493E-19
    10  39.00
     1  11.183  27.817   0.000  0.12935E-15  0.12935E-15  0.00000E+00  0.00000E+00  0.00000E+00  0.00000E+00  0.00000E+00  0.00000E+00
     2  16.593  22.407   3.172  0.53874E-16  0.22409E-21  0.53874E-16  0.00000E+00  0.00000E+00  0.00000E+00  0.00000E+00  0.00000E+00
     3  19.297  19.703   5.876  0.24131E-16  0.50750E-21  0.24130E-16  0.00000E+00  0.00000E+00  0.00000E+00  0.00000E+00  0.00000E+00
     5  21.540  17.460   8.119  0.17456E-15  0.65015E-20  0.17456E-15  0.00000E+00  0.00000E+00  0.00000E+00  0.00000E+00  0.37249E-21
     6  21.744  17.256   8.323  0.27693E-17  0.11029E-21  0.27685E-17  0.00000E+00  0.00000E+00  0.46224E-21  0.00000E+00  0.23611E-21
     7  22.754  16.246   9.333  0.27786E-17  0.14296E-21  0.25363E-17  0.00000E+00  0.00000E+00  0.14134E-18  0.00000E+00  0.10081E-18
     8  23.244  15.756   9.823  0.23095E-17  0.13802E-21  0.19896E-17  0.00000E+00  0.00000E+00  0.16187E-18  0.00000E+00  0.15797E-18
     9  24.167  14.833  10.746  0.62496E-18  0.53256E-22  0.47883E-18  0.00000E+00  0.00000E+00  0.48066E-19  0.17949E-19  0.80064E-19
    10  24.541  14.459  11.120  0.11335E-17  0.10889E-21  0.79373E-18  0.00000E+00  0.00000E+00  0.87617E-19  0.67107E-19  0.18493E-18
    11  25.226  13.774  11.805  0.95094E-17  0.11787E-20  0.57164E-17  0.00000E+00  0.21706E-19  0.77175E-18  0.81319E-18  0.21847E-17
    12  25.379  13.621  11.958  0.53711E-16  0.70520E-20  0.31162E-16  0.00000E+00  0.21760E-18  0.45990E-17  0.46737E-17  0.13037E-16
    13  26.001  12.999  12.580  0.40379E-18  0.63810E-22  0.19527E-18  0.00000E+00  0.41941E-20  0.55962E-19  0.32940E-19  0.10565E-18
    14  26.276  12.724  12.855  0.45856E-18  0.77613E-22  0.20518E-18  0.00000E+00  0.55440E-20  0.68303E-19  0.38579E-19  0.12000E-18
    15  26.829  12.171  13.408  0.31685E-18  0.57322E-22  0.12052E-18  0.00000E+00  0.44086E-20  0.49585E-19  0.33674E-19  0.77420E-19
    19  27.780  11.220  14.359  0.51727E-18  0.77789E-22  0.15111E-18  0.00000E+00  0.87903E-20  0.85419E-19  0.74008E-19  0.96856E-19
    11  42.00
     1  11.183  30.817   0.000  0.17301E-15  0.17301E-15  0.00000E+00  0.00000E+00  0.00000E+00  0.00000E+00  0.00000E+00  0.00000E+00
     2  16.593  25.407   3.172  0.80495E-16  0.33482E-21  0.80494E-16  0.00000E+00  0.00000E+00  0.00000E+00  0.00000E+00  0.00000E+00
     3  19.297  22.703   5.876  0.40591E-16  0.85367E-21  0.40590E-16  0.00000E+00  0.00000E+00  0.00000E+00  0.00000E+00  0.00000E+00
     5  21.540  20.460   8.119  0.26826E-15  0.99911E-20  0.26825E-15  0.00000E+00  0.00000E+00  0.00000E+00  0.00000E+00  0.57242E-21
     6  21.744  20.256   8.323  0.43071E-17  0.17154E-21  0.43059E-17  0.00000E+00  0.00000E+00  0.71892E-21  0.00000E+00  0.36723E-21
     7  22.754  19.246   9.333  0.43672E-17  0.22470E-21  0.39864E-17  0.00000E+00  0.00000E+00  0.22214E-18  0.00000E+00  0.15844E-18
     8  23.244  18.756   9.823  0.36892E-17  0.22048E-21  0.31781E-17  0.00000E+00  0.00000E+00  0.25856E-18  0.00000E+00  0.25233E-18
     9  24.167  17.833  10.746  0.11801E-17  0.10056E-21  0.90417E-18  0.00000E+00  0.00000E+00  0.90763E-19  0.33893E-19  0.15118E-18
    10  24.541  17.459  11.120  0.20422E-17  0.19618E-21  0.14301E-17  0.00000E+00  0.00000E+00  0.15786E-18  0.12091E-18  0.33318E-18
    11  25.226  16.774  11.805  0.16731E-16  0.20738E-20  0.10057E-16  0.00000E+00  0.38190E-19  0.13578E-17  0.14307E-17  0.38437E-17
    12  25.379  16.621  11.958  0.97228E-16  0.12766E-19  0.56411E-16  0.00000E+00  0.39391E-18  0.83252E-17  0.84605E-17  0.23600E-16
    13  26.001  15.999  12.580  0.80531E-18  0.12726E-21  0.38944E-18  0.00000E+00  0.83646E-20  0.11161E-18  0.65695E-19  0.21071E-18
    14  26.276  15.724  12.855  0.87152E-18  0.14751E-21  0.38995E-18  0.00000E+00  0.10537E-19  0.12981E-18  0.73322E-19  0.22806E-18
    15  26.829  15.171  13.408  0.64028E-18  0.11584E-21  0.24354E-18  0.00000E+00  0.89088E-20  0.10020E-18  0.68047E-19  0.15645E-18
    19  27.780  14.220  14.359  0.10068E-17  0.15141E-21  0.29413E-18  0.00000E+00  0.17110E-19  0.16626E-18  0.14405E-18  0.18852E-18
    12  45.00
     1  11.183  33.817   0.000  0.22382E-15  0.22382E-15  0.00000E+00  0.00000E+00  0.00000E+00  0.00000E+00  0.00000E+00  0.00000E+00
     2  16.593  28.407   3.172  0.11446E-15  0.47609E-21  0.11446E-15  0.00000E+00  0.00000E+00  0.00000E+00  0.00000E+00  0.00000E+00
     3  19.297  25.703   5.876  0.63554E-16  0.13366E-20  0.63553E-16  0.00000E+00  0.00000E+00  0.00000E+00  0.00000E+00  0.00000E+00
     5  21.540  23.460   8.119  0.39012E-15  0.14530E-19  0.39010E-15  0.00000E+00  0.00000E+00  0.00000E+00  0.00000E+00  0.83245E-21
     6  21.744  23.256   8.323  0.63432E-17  0.25263E-21  0.63413E-17  0.00000E+00  0.00000E+00  0.10588E-20  0.00000E+00  0.54082E-21
     7  22.754  22.246   9.333  0.64341E-17  0.33104E-21  0.58730E-17  0.00000E+00  0.00000E+00  0.32727E-18  0.00000E+00  0.23343E-18
     8  23.244  21.756   9.823  0.55110E-17  0.32935E-21  0.47475E-17  0.00000E+00  0.00000E+00  0.38625E-18  0.00000E+00  0.37693E-18
     9  24.167  20.833  10.746  0.20112E-17  0.17138E-21  0.15409E-17  0.00000E+00  0.00000E+00  0.15468E-18  0.57761E-19  0.25765E-18
    10  24.541  20.459  11.120  0.33596E-17  0.32273E-21  0.23526E-17  0.00000E+00  0.00000E+00  0.25969E-18  0.19890E-18  0.54811E-18
    11  25.226  19.774  11.805  0.26928E-16  0.33379E-20  0.16187E-16  0.00000E+00  0.61467E-19  0.21854E-17  0.23027E-17  0.61864E-17
    12  25.379  19.621  11.958  0.16013E-15  0.21025E-19  0.92907E-16  0.00000E+00  0.64876E-18  0.13711E-16  0.13934E-16  0.38868E-16
    13  26.001  18.999  12.580  0.14303E-17  0.22604E-21  0.69171E-18  0.00000E+00  0.14857E-19  0.19823E-18  0.11668E-18  0.37425E-18
    14  26.276  18.724  12.855  0.14878E-17  0.25182E-21  0.66570E-18  0.00000E+00  0.17988E-19  0.22161E-18  0.12517E-18  0.38933E-18
    15  26.829  18.171  13.408  0.11454E-17  0.20722E-21  0.43569E-18  0.00000E+00  0.15937E-19  0.17925E-18  0.12173E-18  0.27987E-18
    19  27.780  17.220  14.359  0.17412E-17  0.26186E-21  0.50868E-18  0.00000E+00  0.29590E-19  0.28754E-18  0.24913E-18  0.32604E-18
    13  50.00
     1  11.183  38.817   0.000  0.32316E-15  0.32316E-15  0.00000E+00  0.00000E+00  0.00000E+00  0.00000E+00  0.00000E+00  0.00000E+00
     2  16.593  33.407   3.172  0.18861E-15  0.78453E-21  0.18861E-15  0.00000E+00  0.00000E+00  0.00000E+00  0.00000E+00  0.00000E+00
     3  19.297  30.703   5.876  0.11889E-15  0.25003E-20  0.11889E-15  0.00000E+00  0.00000E+00  0.00000E+00  0.00000E+00  0.00000E+00
     5  21.540  28.460   8.119  0.66371E-15  0.24719E-19  0.66369E-15  0.00000E+00  0.00000E+00  0.00000E+00  0.00000E+00  0.14163E-20
     6  21.744  28.256   8.323  0.11030E-16  0.43927E-21  0.11026E-16  0.00000E+00  0.00000E+00  0.18410E-20  0.00000E+00  0.94038E-21
     7  22.754  27.246   9.333  0.11028E-16  0.56739E-21  0.10066E-16  0.00000E+00  0.00000E+00  0.56094E-18  0.00000E+00  0.40008E-18
     8  23.244  26.756   9.823  0.96391E-17  0.57606E-21  0.83037E-17  0.00000E+00  0.00000E+00  0.67558E-18  0.00000E+00  0.65929E-18
     9  24.167  25.833  10.746  0.41575E-17  0.35428E-21  0.31854E-17  0.00000E+00  0.00000E+00  0.31975E-18  0.11941E-18  0.53262E-18
    10  24.541  25.459  11.120  0.66582E-17  0.63960E-21  0.46624E-17  0.00000E+00  0.00000E+00  0.51467E-18  0.39419E-18  0.10863E-17
    11  25.226  24.774  11.805  0.51678E-16  0.64056E-20  0.31065E-16  0.00000E+00  0.11796E-18  0.41939E-17  0.44191E-17  0.11872E-16
    12  25.379  24.621  11.958  0.31670E-15  0.41581E-19  0.18375E-15  0.00000E+00  0.12831E-17  0.27118E-16  0.27558E-16  0.76872E-16
    13  26.001  23.999  12.580  0.31156E-17  0.49235E-21  0.15067E-17  0.00000E+00  0.32361E-19  0.43179E-18  0.25416E-18  0.81518E-18
    14  26.276  23.724  12.855  0.30707E-17  0.51973E-21  0.13740E-17  0.00000E+00  0.37125E-19  0.45738E-18  0.25834E-18  0.80355E-18
    15  26.829  23.171  13.408  0.25071E-17  0.45356E-21  0.95362E-18  0.00000E+00  0.34883E-19  0.39234E-18  0.26645E-18  0.61259E-18
    19  27.780  22.220  14.359  0.36349E-17  0.54663E-21  0.10619E-17  0.00000E+00  0.61771E-19  0.60025E-18  0.52006E-18  0.68062E-18
    14  55.00
     1  11.183  43.817   0.000  0.43761E-15  0.43761E-15  0.00000E+00  0.00000E+00  0.00000E+00  0.00000E+00  0.00000E+00  0.00000E+00
     2  16.593  38.407   3.172  0.28526E-15  0.11865E-20  0.28526E-15  0.00000E+00  0.00000E+00  0.00000E+00  0.00000E+00  0.00000E+00
     3  19.297  35.703   5.876  0.19845E-15  0.41736E-20  0.19844E-15  0.00000E+00  0.00000E+00  0.00000E+00  0.00000E+00  0.00000E+00
     5  21.540  33.460   8.119  0.10342E-14  0.38518E-19  0.10342E-14  0.00000E+00  0.00000E+00  0.00000E+00  0.00000E+00  0.22069E-20
     6  21.744  33.256   8.323  0.17572E-16  0.69984E-21  0.17567E-16  0.00000E+00  0.00000E+00  0.29331E-20  0.00000E+00  0.14982E-20
     7  22.754  32.246   9.333  0.17103E-16  0.87998E-21  0.15612E-16  0.00000E+00  0.00000E+00  0.86997E-18  0.00000E+00  0.62050E-18
     8  23.244  31.756   9.823  0.15227E-16  0.90998E-21  0.13117E-16  0.00000E+00  0.00000E+00  0.10672E-17  0.00000E+00  0.10414E-17
     9  24.167  30.833  10.746  0.74339E-17  0.63349E-21  0.56957E-17  0.00000E+00  0.00000E+00  0.57175E-18  0.21351E-18  0.95236E-18
    10  24.541  30.459  11.120  0.11564E-16  0.11109E-20  0.80980E-17  0.00000E+00  0.00000E+00  0.89390E-18  0.68465E-18  0.18867E-17
    11  25.226  29.774  11.805  0.87282E-16  0.10819E-19  0.52467E-16  0.00000E+00  0.19923E-18  0.70834E-17  0.74638E-17  0.20052E-16
    12  25.379  29.621  11.958  0.54752E-15  0.71888E-19  0.31767E-15  0.00000E+00  0.22182E-17  0.46882E-16  0.47644E-16  0.13290E-15
    13  26.001  28.999  12.580  0.58016E-17  0.91682E-21  0.28056E-17  0.00000E+00  0.60260E-19  0.80405E-18  0.47328E-18  0.15180E-17
    14  26.276  28.724  12.855  0.54680E-17  0.92548E-21  0.24466E-17  0.00000E+00  0.66108E-19  0.81447E-18  0.46003E-18  0.14309E-17
    15  26.829  28.171  13.408  0.46675E-17  0.84440E-21  0.17754E-17  0.00000E+00  0.64942E-19  0.73042E-18  0.49604E-18  0.11404E-17
    19  27.780  27.220  14.359  0.65124E-17  0.97935E-21  0.19025E-17  0.00000E+00  0.11067E-18  0.10754E-17  0.93176E-18  0.12194E-17
    15  60.00
     1  11.183  48.817   0.000  0.56207E-15  0.56207E-15  0.00000E+00  0.00000E+00  0.00000E+00  0.00000E+00  0.00000E+00  0.00000E+00
     2  16.593  43.407   3.172  0.40338E-15  0.16779E-20  0.40338E-15  0.00000E+00  0.00000E+00  0.00000E+00  0.00000E+00  0.00000E+00
     3  19.297  40.703   5.876  0.30405E-15  0.63945E-20  0.30405E-15  0.00000E+00  0.00000E+00  0.00000E+00  0.00000E+00  0.00000E+00
     5  21.540  38.460   8.119  0.15074E-14  0.56143E-19  0.15074E-14  0.00000E+00  0.00000E+00  0.00000E+00  0.00000E+00  0.32166E-20
     6  21.744  38.256   8.323  0.26187E-16  0.10430E-20  0.26180E-16  0.00000E+00  0.00000E+00  0.43711E-20  0.00000E+00  0.22327E-20
     7  22.754  37.246   9.333  0.24606E-16  0.12660E-20  0.22460E-16  0.00000E+00  0.00000E+00  0.12516E-17  0.00000E+00  0.89268E-18
     8  23.244  36.756   9.823  0.22289E-16  0.13320E-20  0.19201E-16  0.00000E+00  0.00000E+00  0.15622E-17  0.00000E+00  0.15245E-17
     9  24.167  35.833  10.746  0.11975E-16  0.10204E-20  0.91746E-17  0.00000E+00  0.00000E+00  0.92096E-18  0.34391E-18  0.15341E-17
    10  24.541  35.459  11.120  0.18242E-16  0.17524E-20  0.12774E-16  0.00000E+00  0.00000E+00  0.14101E-17  0.10800E-17  0.29761E-17
    11  25.226  34.774  11.805  0.13428E-15  0.16644E-19  0.80718E-16  0.00000E+00  0.30651E-18  0.10897E-16  0.11483E-16  0.30849E-16
    12  25.379  34.621  11.958  0.85844E-15  0.11271E-18  0.49806E-15  0.00000E+00  0.34779E-17  0.73504E-16  0.74699E-16  0.20837E-15
    13  26.001  33.999  12.580  0.96687E-17  0.15279E-20  0.46757E-17  0.00000E+00  0.10043E-18  0.13400E-17  0.78874E-18  0.25298E-17
    14  26.276  33.724  12.855  0.87598E-17  0.14826E-20  0.39195E-17  0.00000E+00  0.10591E-18  0.13048E-17  0.73697E-18  0.22923E-17
    15  26.829  33.171  13.408  0.77528E-17  0.14026E-20  0.29489E-17  0.00000E+00  0.10787E-18  0.12132E-17  0.82394E-18  0.18943E-17
    19  27.780  32.220  14.359  0.10476E-16  0.15754E-20  0.30603E-17  0.00000E+00  0.17802E-18  0.17299E-17  0.14988E-17  0.19615E-17
    16  65.00
     1  11.183  53.817   0.000  0.69043E-15  0.69043E-15  0.00000E+00  0.00000E+00  0.00000E+00  0.00000E+00  0.00000E+00  0.00000E+00
     2  16.593  48.407   3.172  0.54023E-15  0.22471E-20  0.54022E-15  0.00000E+00  0.00000E+00  0.00000E+00  0.00000E+00  0.00000E+00
     3  19.297  45.703   5.876  0.43569E-15  0.91629E-20  0.43568E-15  0.00000E+00  0.00000E+00  0.00000E+00  0.00000E+00  0.00000E+00
     5  21.540  43.460   8.119  0.20841E-14  0.77621E-19  0.20840E-14  0.00000E+00  0.00000E+00  0.00000E+00  0.00000E+00  0.44472E-20
     6  21.744  43.256   8.323  0.37010E-16  0.14740E-20  0.36999E-16  0.00000E+00  0.00000E+00  0.61775E-20  0.00000E+00  0.31555E-20
     7  22.754  42.246   9.333  0.33373E-16  0.17171E-20  0.30463E-16  0.00000E+00  0.00000E+00  0.16975E-17  0.00000E+00  0.12107E-17
     8  23.244  41.756   9.823  0.30740E-16  0.18371E-20  0.26481E-16  0.00000E+00  0.00000E+00  0.21545E-17  0.00000E+00  0.21025E-17
     9  24.167  40.833  10.746  0.17821E-16  0.15186E-20  0.13654E-16  0.00000E+00  0.00000E+00  0.13706E-17  0.51183E-18  0.22831E-17
    10  24.541  40.459  11.120  0.26730E-16  0.25677E-20  0.18718E-16  0.00000E+00  0.00000E+00  0.20661E-17  0.15825E-17  0.43609E-17
    11  25.226  39.774  11.805  0.19226E-15  0.23831E-19  0.11557E-15  0.00000E+00  0.43886E-18  0.15603E-16  0.16441E-16  0.44169E-16
    12  25.379  39.621  11.958  0.12489E-14  0.16398E-18  0.72461E-15  0.00000E+00  0.50599E-17  0.10694E-15  0.10868E-15  0.30315E-15
    13  26.001  38.999  12.580  0.14829E-16  0.23434E-20  0.71713E-17  0.00000E+00  0.15403E-18  0.20552E-17  0.12097E-17  0.38800E-17
    14  26.276  38.724  12.855  0.12953E-16  0.21924E-20  0.57958E-17  0.00000E+00  0.15660E-18  0.19294E-17  0.10898E-17  0.33896E-17
    15  26.829  38.171  13.408  0.11826E-16  0.21395E-20  0.44983E-17  0.00000E+00  0.16455E-18  0.18507E-17  0.12568E-17  0.28896E-17
    19  27.780  37.220  14.359  0.15541E-16  0.23371E-20  0.45401E-17  0.00000E+00  0.26410E-18  0.25664E-17  0.22235E-17  0.29100E-17
    17  70.00
     1  11.183  58.817   0.000  0.81636E-15  0.81636E-15  0.00000E+00  0.00000E+00  0.00000E+00  0.00000E+00  0.00000E+00  0.00000E+00
     2  16.593  53.407   3.172  0.69167E-15  0.28770E-20  0.69167E-15  0.00000E+00  0.00000E+00  0.00000E+00  0.00000E+00  0.00000E+00
     3  19.297  50.703   5.876  0.59159E-15  0.12442E-19  0.59157E-15  0.00000E+00  0.00000E+00  0.00000E+00  0.00000E+00  0.00000E+00
     5  21.540  48.460   8.119  0.27602E-14  0.10280E-18  0.27601E-14  0.00000E+00  0.00000E+00  0.00000E+00  0.00000E+00  0.58898E-20
     6  21.744  48.256   8.323  0.50085E-16  0.19947E-20  0.50070E-16  0.00000E+00  0.00000E+00  0.83598E-20  0.00000E+00  0.42702E-20
     7  22.754  47.246   9.333  0.43160E-16  0.22206E-20  0.39397E-16  0.00000E+00  0.00000E+00  0.21954E-17  0.00000E+00  0.15658E-17
     8  23.244  46.756   9.823  0.40402E-16  0.24146E-20  0.34805E-16  0.00000E+00  0.00000E+00  0.28317E-17  0.00000E+00  0.27634E-17
     9  24.167  45.833  10.746  0.24922E-16  0.21238E-20  0.19095E-16  0.00000E+00  0.00000E+00  0.19168E-17  0.71578E-18  0.31928E-17
    10  24.541  45.459  11.120  0.36937E-16  0.35483E-20  0.25865E-16  0.00000E+00  0.00000E+00  0.28552E-17  0.21868E-17  0.60262E-17
    11  25.226  44.774  11.805  0.25993E-15  0.32219E-19  0.15625E-15  0.00000E+00  0.59332E-18  0.21095E-16  0.22228E-16  0.59716E-16
    12  25.379  44.621  11.958  0.17122E-14  0.22481E-18  0.99341E-15  0.00000E+00  0.69368E-17  0.14661E-15  0.14899E-15  0.41560E-15
    13  26.001  43.999  12.580  0.21317E-16  0.33688E-20  0.10309E-16  0.00000E+00  0.22142E-18  0.29544E-17  0.17390E-17  0.55777E-17
    14  26.276  43.724  12.855  0.17983E-16  0.30437E-20  0.80463E-17  0.00000E+00  0.21741E-18  0.26786E-17  0.15129E-17  0.47058E-17
    15  26.829  43.171  13.408  0.16881E-16  0.30541E-20  0.64212E-17  0.00000E+00  0.23488E-18  0.26418E-17  0.17941E-17  0.41248E-17
    19  27.780  42.220  14.359  0.21638E-16  0.32540E-20  0.63213E-17  0.00000E+00  0.36771E-18  0.35732E-17  0.30959E-17  0.40516E-17
    18  80.00
     1  11.183  68.817   0.000  0.10385E-14  0.10385E-14  0.00000E+00  0.00000E+00  0.00000E+00  0.00000E+00  0.00000E+00  0.00000E+00
     2  16.593  63.407   3.172  0.10178E-14  0.42336E-20  0.10178E-14  0.00000E+00  0.00000E+00  0.00000E+00  0.00000E+00  0.00000E+00
     3  19.297  60.703   5.876  0.96211E-15  0.20234E-19  0.96209E-15  0.00000E+00  0.00000E+00  0.00000E+00  0.00000E+00  0.00000E+00
     5  21.540  58.460   8.119  0.43731E-14  0.16287E-18  0.43729E-14  0.00000E+00  0.00000E+00  0.00000E+00  0.00000E+00  0.93314E-20
     6  21.744  58.256   8.323  0.82720E-16  0.32945E-20  0.82696E-16  0.00000E+00  0.00000E+00  0.13807E-19  0.00000E+00  0.70527E-20
     7  22.754  57.246   9.333  0.64604E-16  0.33239E-20  0.58971E-16  0.00000E+00  0.00000E+00  0.32861E-17  0.00000E+00  0.23438E-17
     8  23.244  56.756   9.823  0.62338E-16  0.37255E-20  0.53702E-16  0.00000E+00  0.00000E+00  0.43691E-17  0.00000E+00  0.42638E-17
     9  24.167  55.833  10.746  0.42284E-16  0.36032E-20  0.32397E-16  0.00000E+00  0.00000E+00  0.32521E-17  0.12144E-17  0.54170E-17
    10  24.541  55.459  11.120  0.61613E-16  0.59187E-20  0.43145E-16  0.00000E+00  0.00000E+00  0.47626E-17  0.36477E-17  0.10052E-16
    11  25.226  54.774  11.805  0.41577E-15  0.51537E-19  0.24993E-15  0.00000E+00  0.94905E-18  0.33742E-16  0.35554E-16  0.95518E-16
    12  25.379  54.621  11.958  0.28053E-14  0.36832E-18  0.16276E-14  0.00000E+00  0.11365E-16  0.24020E-15  0.24411E-15  0.68092E-15
    13  26.001  53.999  12.580  0.38040E-16  0.60115E-20  0.18396E-16  0.00000E+00  0.39512E-18  0.52721E-17  0.31032E-17  0.99533E-17
    14  26.276  53.724  12.855  0.29993E-16  0.50765E-20  0.13420E-16  0.00000E+00  0.36262E-18  0.44676E-17  0.25234E-17  0.78487E-17
    15  26.829  53.171  13.408  0.29601E-16  0.53551E-20  0.11259E-16  0.00000E+00  0.41186E-18  0.46323E-17  0.31459E-17  0.72326E-17
    19  27.780  52.220  14.359  0.36282E-16  0.54562E-20  0.10599E-16  0.00000E+00  0.61657E-18  0.59915E-17  0.51911E-17  0.67936E-17
    19  90.00
     1  11.183  78.817   0.000  0.11964E-14  0.11964E-14  0.00000E+00  0.00000E+00  0.00000E+00  0.00000E+00  0.00000E+00  0.00000E+00
     2  16.593  73.407   3.172  0.13398E-14  0.55730E-20  0.13398E-14  0.00000E+00  0.00000E+00  0.00000E+00  0.00000E+00  0.00000E+00
     3  19.297  70.703   5.876  0.13796E-14  0.29014E-19  0.13795E-14  0.00000E+00  0.00000E+00  0.00000E+00  0.00000E+00  0.00000E+00
     5  21.540  68.460   8.119  0.62433E-14  0.23252E-18  0.62430E-14  0.00000E+00  0.00000E+00  0.00000E+00  0.00000E+00  0.13322E-19
     6  21.744  68.256   8.323  0.12277E-15  0.48895E-20  0.12273E-15  0.00000E+00  0.00000E+00  0.20492E-19  0.00000E+00  0.10467E-19
     7  22.754  67.246   9.333  0.86596E-16  0.44554E-20  0.79045E-16  0.00000E+00  0.00000E+00  0.44047E-17  0.00000E+00  0.31416E-17
     8  23.244  66.756   9.823  0.85774E-16  0.51261E-20  0.73891E-16  0.00000E+00  0.00000E+00  0.60117E-17  0.00000E+00  0.58667E-17
     9  24.167  65.833  10.746  0.62347E-16  0.53129E-20  0.47769E-16  0.00000E+00  0.00000E+00  0.47951E-17  0.17906E-17  0.79873E-17
    10  24.541  65.459  11.120  0.89777E-16  0.86242E-20  0.62867E-16  0.00000E+00  0.00000E+00  0.69396E-17  0.53151E-17  0.14647E-16
    11  25.226  64.774  11.805  0.58133E-15  0.72058E-19  0.34945E-15  0.00000E+00  0.13269E-17  0.47178E-16  0.49711E-16  0.13355E-15
    12  25.379  64.621  11.958  0.40057E-14  0.52593E-18  0.23241E-14  0.00000E+00  0.16229E-16  0.34299E-15  0.34856E-15  0.97229E-15
    13  26.001  63.999  12.580  0.58758E-16  0.92855E-20  0.28415E-16  0.00000E+00  0.61031E-18  0.81434E-17  0.47933E-17  0.15374E-16
    14  26.276  63.724  12.855  0.43330E-16  0.73338E-20  0.19388E-16  0.00000E+00  0.52386E-18  0.64541E-17  0.36454E-17  0.11339E-16
    15  26.829  63.171  13.408  0.44781E-16  0.81014E-20  0.17033E-16  0.00000E+00  0.62308E-18  0.70078E-17  0.47592E-17  0.10942E-16
    19  27.780  62.220  14.359  0.52665E-16  0.79200E-20  0.15385E-16  0.00000E+00  0.89498E-18  0.86969E-17  0.75351E-17  0.98613E-17
    20 100.00
     1  11.183  88.817   0.000  0.12835E-14  0.12835E-14  0.00000E+00  0.00000E+00  0.00000E+00  0.00000E+00  0.00000E+00  0.00000E+00
     2  16.593  83.407   3.172  0.16236E-14  0.67533E-20  0.16236E-14  0.00000E+00  0.00000E+00  0.00000E+00  0.00000E+00  0.00000E+00
     3  19.297  80.703   5.876  0.18052E-14  0.37966E-19  0.18052E-14  0.00000E+00  0.00000E+00  0.00000E+00  0.00000E+00  0.00000E+00
     5  21.540  78.460   8.119  0.82453E-14  0.30709E-18  0.82450E-14  0.00000E+00  0.00000E+00  0.00000E+00  0.00000E+00  0.17594E-19
     6  21.744  78.256   8.323  0.16797E-15  0.66896E-20  0.16792E-15  0.00000E+00  0.00000E+00  0.28036E-19  0.00000E+00  0.14321E-19
     7  22.754  77.246   9.333  0.10743E-15  0.55272E-20  0.98061E-16  0.00000E+00  0.00000E+00  0.54644E-17  0.00000E+00  0.38974E-17
     8  23.244  76.756   9.823  0.10849E-15  0.64839E-20  0.93463E-16  0.00000E+00  0.00000E+00  0.76041E-17  0.00000E+00  0.74207E-17
     9  24.167  75.833  10.746  0.83114E-16  0.70826E-20  0.63680E-16  0.00000E+00  0.00000E+00  0.63923E-17  0.23871E-17  0.10648E-16
    10  24.541  75.459  11.120  0.11854E-15  0.11387E-19  0.83007E-16  0.00000E+00  0.00000E+00  0.91628E-17  0.70179E-17  0.19339E-16
    11  25.226  74.774  11.805  0.73630E-15  0.91268E-19  0.44261E-15  0.00000E+00  0.16807E-17  0.59755E-16  0.62964E-16  0.16916E-15
    12  25.379  74.621  11.958  0.51737E-14  0.67929E-18  0.30018E-14  0.00000E+00  0.20961E-16  0.44300E-15  0.45020E-15  0.12558E-14
    13  26.001  73.999  12.580  0.81787E-16  0.12925E-19  0.39552E-16  0.00000E+00  0.84951E-18  0.11335E-16  0.66720E-17  0.21400E-16
    14  26.276  73.724  12.855  0.56413E-16  0.95482E-20  0.25241E-16  0.00000E+00  0.68204E-18  0.84028E-17  0.47461E-17  0.14762E-16
    15  26.829  73.171  13.408  0.60930E-16  0.11023E-19  0.23176E-16  0.00000E+00  0.84776E-18  0.95349E-17  0.64754E-17  0.14888E-16
    19  27.780  72.220  14.359  0.68834E-16  0.10352E-19  0.20109E-16  0.00000E+00  0.11697E-17  0.11367E-16  0.98484E-17  0.12889E-16
