     1  12.00  
     1  15.157   0.000   0.000  0.00000E+00  0.00000E+00  0.00000E+00  0.00000E+00  0.00000E+00  0.00000E+00  0.00000E+00  0.00000E+00
     2  20.567   0.000   0.000  0.00000E+00  0.00000E+00  0.00000E+00  0.00000E+00  0.00000E+00  0.00000E+00  0.00000E+00  0.00000E+00
     3  23.271   0.000   0.000  0.00000E+00  0.00000E+00  0.00000E+00  0.00000E+00  0.00000E+00  0.00000E+00  0.00000E+00  0.00000E+00
     5  25.514   0.000   0.000  0.00000E+00  0.00000E+00  0.00000E+00  0.00000E+00  0.00000E+00  0.00000E+00  0.00000E+00  0.00000E+00
     6  25.718   0.000   0.000  0.00000E+00  0.00000E+00  0.00000E+00  0.00000E+00  0.00000E+00  0.00000E+00  0.00000E+00  0.00000E+00
     7  26.728   0.000   0.000  0.00000E+00  0.00000E+00  0.00000E+00  0.00000E+00  0.00000E+00  0.00000E+00  0.00000E+00  0.00000E+00
     8  27.218   0.000   0.000  0.00000E+00  0.00000E+00  0.00000E+00  0.00000E+00  0.00000E+00  0.00000E+00  0.00000E+00  0.00000E+00
     9  28.141   0.000   0.000  0.00000E+00  0.00000E+00  0.00000E+00  0.00000E+00  0.00000E+00  0.00000E+00  0.00000E+00  0.00000E+00
    10  28.515   0.000   0.000  0.00000E+00  0.00000E+00  0.00000E+00  0.00000E+00  0.00000E+00  0.00000E+00  0.00000E+00  0.00000E+00
    11  29.200   0.000   0.000  0.00000E+00  0.00000E+00  0.00000E+00  0.00000E+00  0.00000E+00  0.00000E+00  0.00000E+00  0.00000E+00
    12  29.353   0.000   0.000  0.00000E+00  0.00000E+00  0.00000E+00  0.00000E+00  0.00000E+00  0.00000E+00  0.00000E+00  0.00000E+00
    13  29.975   0.000   0.000  0.00000E+00  0.00000E+00  0.00000E+00  0.00000E+00  0.00000E+00  0.00000E+00  0.00000E+00  0.00000E+00
    14  30.250   0.000   0.000  0.00000E+00  0.00000E+00  0.00000E+00  0.00000E+00  0.00000E+00  0.00000E+00  0.00000E+00  0.00000E+00
    15  30.803   0.000   0.000  0.00000E+00  0.00000E+00  0.00000E+00  0.00000E+00  0.00000E+00  0.00000E+00  0.00000E+00  0.00000E+00
    19  31.754   0.000   0.000  0.00000E+00  0.00000E+00  0.00000E+00  0.00000E+00  0.00000E+00  0.00000E+00  0.00000E+00  0.00000E+00
     2  15.00
     1  15.157   0.000   0.000  0.00000E+00  0.00000E+00  0.00000E+00  0.00000E+00  0.00000E+00  0.00000E+00  0.00000E+00  0.00000E+00
     2  20.567   0.000   0.000  0.00000E+00  0.00000E+00  0.00000E+00  0.00000E+00  0.00000E+00  0.00000E+00  0.00000E+00  0.00000E+00
     3  23.271   0.000   0.000  0.00000E+00  0.00000E+00  0.00000E+00  0.00000E+00  0.00000E+00  0.00000E+00  0.00000E+00  0.00000E+00
     5  25.514   0.000   0.000  0.00000E+00  0.00000E+00  0.00000E+00  0.00000E+00  0.00000E+00  0.00000E+00  0.00000E+00  0.00000E+00
     6  25.718   0.000   0.000  0.00000E+00  0.00000E+00  0.00000E+00  0.00000E+00  0.00000E+00  0.00000E+00  0.00000E+00  0.00000E+00
     7  26.728   0.000   0.000  0.00000E+00  0.00000E+00  0.00000E+00  0.00000E+00  0.00000E+00  0.00000E+00  0.00000E+00  0.00000E+00
     8  27.218   0.000   0.000  0.00000E+00  0.00000E+00  0.00000E+00  0.00000E+00  0.00000E+00  0.00000E+00  0.00000E+00  0.00000E+00
     9  28.141   0.000   0.000  0.00000E+00  0.00000E+00  0.00000E+00  0.00000E+00  0.00000E+00  0.00000E+00  0.00000E+00  0.00000E+00
    10  28.515   0.000   0.000  0.00000E+00  0.00000E+00  0.00000E+00  0.00000E+00  0.00000E+00  0.00000E+00  0.00000E+00  0.00000E+00
    11  29.200   0.000   0.000  0.00000E+00  0.00000E+00  0.00000E+00  0.00000E+00  0.00000E+00  0.00000E+00  0.00000E+00  0.00000E+00
    12  29.353   0.000   0.000  0.00000E+00  0.00000E+00  0.00000E+00  0.00000E+00  0.00000E+00  0.00000E+00  0.00000E+00  0.00000E+00
    13  29.975   0.000   0.000  0.00000E+00  0.00000E+00  0.00000E+00  0.00000E+00  0.00000E+00  0.00000E+00  0.00000E+00  0.00000E+00
    14  30.250   0.000   0.000  0.00000E+00  0.00000E+00  0.00000E+00  0.00000E+00  0.00000E+00  0.00000E+00  0.00000E+00  0.00000E+00
    15  30.803   0.000   0.000  0.00000E+00  0.00000E+00  0.00000E+00  0.00000E+00  0.00000E+00  0.00000E+00  0.00000E+00  0.00000E+00
    19  31.754   0.000   0.000  0.00000E+00  0.00000E+00  0.00000E+00  0.00000E+00  0.00000E+00  0.00000E+00  0.00000E+00  0.00000E+00
     3  18.00
     1  15.157   2.843   0.787  0.59511E-19  0.59511E-19  0.00000E+00  0.00000E+00  0.00000E+00  0.00000E+00  0.00000E+00  0.00000E+00
     2  20.567   0.000   0.000  0.00000E+00  0.00000E+00  0.00000E+00  0.00000E+00  0.00000E+00  0.00000E+00  0.00000E+00  0.00000E+00
     3  23.271   0.000   0.000  0.00000E+00  0.00000E+00  0.00000E+00  0.00000E+00  0.00000E+00  0.00000E+00  0.00000E+00  0.00000E+00
     5  25.514   0.000   0.000  0.00000E+00  0.00000E+00  0.00000E+00  0.00000E+00  0.00000E+00  0.00000E+00  0.00000E+00  0.00000E+00
     6  25.718   0.000   0.000  0.00000E+00  0.00000E+00  0.00000E+00  0.00000E+00  0.00000E+00  0.00000E+00  0.00000E+00  0.00000E+00
     7  26.728   0.000   0.000  0.00000E+00  0.00000E+00  0.00000E+00  0.00000E+00  0.00000E+00  0.00000E+00  0.00000E+00  0.00000E+00
     8  27.218   0.000   0.000  0.00000E+00  0.00000E+00  0.00000E+00  0.00000E+00  0.00000E+00  0.00000E+00  0.00000E+00  0.00000E+00
     9  28.141   0.000   0.000  0.00000E+00  0.00000E+00  0.00000E+00  0.00000E+00  0.00000E+00  0.00000E+00  0.00000E+00  0.00000E+00
    10  28.515   0.000   0.000  0.00000E+00  0.00000E+00  0.00000E+00  0.00000E+00  0.00000E+00  0.00000E+00  0.00000E+00  0.00000E+00
    11  29.200   0.000   0.000  0.00000E+00  0.00000E+00  0.00000E+00  0.00000E+00  0.00000E+00  0.00000E+00  0.00000E+00  0.00000E+00
    12  29.353   0.000   0.000  0.00000E+00  0.00000E+00  0.00000E+00  0.00000E+00  0.00000E+00  0.00000E+00  0.00000E+00  0.00000E+00
    13  29.975   0.000   0.000  0.00000E+00  0.00000E+00  0.00000E+00  0.00000E+00  0.00000E+00  0.00000E+00  0.00000E+00  0.00000E+00
    14  30.250   0.000   0.000  0.00000E+00  0.00000E+00  0.00000E+00  0.00000E+00  0.00000E+00  0.00000E+00  0.00000E+00  0.00000E+00
    15  30.803   0.000   0.000  0.00000E+00  0.00000E+00  0.00000E+00  0.00000E+00  0.00000E+00  0.00000E+00  0.00000E+00  0.00000E+00
    19  31.754   0.000   0.000  0.00000E+00  0.00000E+00  0.00000E+00  0.00000E+00  0.00000E+00  0.00000E+00  0.00000E+00  0.00000E+00
     4  21.00
     1  15.157   5.843   0.787  0.59608E-18  0.59608E-18  0.00000E+00  0.00000E+00  0.00000E+00  0.00000E+00  0.00000E+00  0.00000E+00
     2  20.567   0.000   0.000  0.00000E+00  0.00000E+00  0.00000E+00  0.00000E+00  0.00000E+00  0.00000E+00  0.00000E+00  0.00000E+00
     3  23.271   0.000   0.000  0.00000E+00  0.00000E+00  0.00000E+00  0.00000E+00  0.00000E+00  0.00000E+00  0.00000E+00  0.00000E+00
     5  25.514   0.000   0.000  0.00000E+00  0.00000E+00  0.00000E+00  0.00000E+00  0.00000E+00  0.00000E+00  0.00000E+00  0.00000E+00
     6  25.718   0.000   0.000  0.00000E+00  0.00000E+00  0.00000E+00  0.00000E+00  0.00000E+00  0.00000E+00  0.00000E+00  0.00000E+00
     7  26.728   0.000   0.000  0.00000E+00  0.00000E+00  0.00000E+00  0.00000E+00  0.00000E+00  0.00000E+00  0.00000E+00  0.00000E+00
     8  27.218   0.000   0.000  0.00000E+00  0.00000E+00  0.00000E+00  0.00000E+00  0.00000E+00  0.00000E+00  0.00000E+00  0.00000E+00
     9  28.141   0.000   0.000  0.00000E+00  0.00000E+00  0.00000E+00  0.00000E+00  0.00000E+00  0.00000E+00  0.00000E+00  0.00000E+00
    10  28.515   0.000   0.000  0.00000E+00  0.00000E+00  0.00000E+00  0.00000E+00  0.00000E+00  0.00000E+00  0.00000E+00  0.00000E+00
    11  29.200   0.000   0.000  0.00000E+00  0.00000E+00  0.00000E+00  0.00000E+00  0.00000E+00  0.00000E+00  0.00000E+00  0.00000E+00
    12  29.353   0.000   0.000  0.00000E+00  0.00000E+00  0.00000E+00  0.00000E+00  0.00000E+00  0.00000E+00  0.00000E+00  0.00000E+00
    13  29.975   0.000   0.000  0.00000E+00  0.00000E+00  0.00000E+00  0.00000E+00  0.00000E+00  0.00000E+00  0.00000E+00  0.00000E+00
    14  30.250   0.000   0.000  0.00000E+00  0.00000E+00  0.00000E+00  0.00000E+00  0.00000E+00  0.00000E+00  0.00000E+00  0.00000E+00
    15  30.803   0.000   0.000  0.00000E+00  0.00000E+00  0.00000E+00  0.00000E+00  0.00000E+00  0.00000E+00  0.00000E+00  0.00000E+00
    19  31.754   0.000   0.000  0.00000E+00  0.00000E+00  0.00000E+00  0.00000E+00  0.00000E+00  0.00000E+00  0.00000E+00  0.00000E+00
     5  24.00
     1  15.157   8.843   0.787  0.24860E-17  0.24860E-17  0.00000E+00  0.00000E+00  0.00000E+00  0.00000E+00  0.00000E+00  0.00000E+00
     2  20.567   3.433   6.197  0.10651E-17  0.10651E-17  0.00000E+00  0.00000E+00  0.00000E+00  0.00000E+00  0.00000E+00  0.00000E+00
     3  23.271   0.729   8.901  0.54219E-19  0.53518E-19  0.00000E+00  0.70185E-21  0.00000E+00  0.00000E+00  0.00000E+00  0.00000E+00
     5  25.514   0.000   0.000  0.00000E+00  0.00000E+00  0.00000E+00  0.00000E+00  0.00000E+00  0.00000E+00  0.00000E+00  0.00000E+00
     6  25.718   0.000   0.000  0.00000E+00  0.00000E+00  0.00000E+00  0.00000E+00  0.00000E+00  0.00000E+00  0.00000E+00  0.00000E+00
     7  26.728   0.000   0.000  0.00000E+00  0.00000E+00  0.00000E+00  0.00000E+00  0.00000E+00  0.00000E+00  0.00000E+00  0.00000E+00
     8  27.218   0.000   0.000  0.00000E+00  0.00000E+00  0.00000E+00  0.00000E+00  0.00000E+00  0.00000E+00  0.00000E+00  0.00000E+00
     9  28.141   0.000   0.000  0.00000E+00  0.00000E+00  0.00000E+00  0.00000E+00  0.00000E+00  0.00000E+00  0.00000E+00  0.00000E+00
    10  28.515   0.000   0.000  0.00000E+00  0.00000E+00  0.00000E+00  0.00000E+00  0.00000E+00  0.00000E+00  0.00000E+00  0.00000E+00
    11  29.200   0.000   0.000  0.00000E+00  0.00000E+00  0.00000E+00  0.00000E+00  0.00000E+00  0.00000E+00  0.00000E+00  0.00000E+00
    12  29.353   0.000   0.000  0.00000E+00  0.00000E+00  0.00000E+00  0.00000E+00  0.00000E+00  0.00000E+00  0.00000E+00  0.00000E+00
    13  29.975   0.000   0.000  0.00000E+00  0.00000E+00  0.00000E+00  0.00000E+00  0.00000E+00  0.00000E+00  0.00000E+00  0.00000E+00
    14  30.250   0.000   0.000  0.00000E+00  0.00000E+00  0.00000E+00  0.00000E+00  0.00000E+00  0.00000E+00  0.00000E+00  0.00000E+00
    15  30.803   0.000   0.000  0.00000E+00  0.00000E+00  0.00000E+00  0.00000E+00  0.00000E+00  0.00000E+00  0.00000E+00  0.00000E+00
    19  31.754   0.000   0.000  0.00000E+00  0.00000E+00  0.00000E+00  0.00000E+00  0.00000E+00  0.00000E+00  0.00000E+00  0.00000E+00
     6  27.00
     1  15.157  11.843   0.787  0.70206E-17  0.70206E-17  0.00000E+00  0.00000E+00  0.00000E+00  0.00000E+00  0.00000E+00  0.00000E+00
     2  20.567   6.433   6.197  0.51652E-17  0.51652E-17  0.00000E+00  0.00000E+00  0.00000E+00  0.00000E+00  0.00000E+00  0.00000E+00
     3  23.271   3.729   8.901  0.24341E-17  0.24026E-17  0.00000E+00  0.31508E-19  0.00000E+00  0.00000E+00  0.00000E+00  0.00000E+00
     5  25.514   1.486  11.144  0.32877E-19  0.27784E-19  0.13268E-21  0.35470E-20  0.00000E+00  0.58132E-21  0.83023E-21  0.11995E-23
     6  25.718   1.282  11.348  0.29234E-20  0.23630E-20  0.29613E-22  0.33475E-21  0.00000E+00  0.88976E-22  0.10645E-21  0.67979E-24
     7  26.728   0.000   0.000  0.00000E+00  0.00000E+00  0.00000E+00  0.00000E+00  0.00000E+00  0.00000E+00  0.00000E+00  0.00000E+00
     8  27.218   0.000   0.000  0.00000E+00  0.00000E+00  0.00000E+00  0.00000E+00  0.00000E+00  0.00000E+00  0.00000E+00  0.00000E+00
     9  28.141   0.000   0.000  0.00000E+00  0.00000E+00  0.00000E+00  0.00000E+00  0.00000E+00  0.00000E+00  0.00000E+00  0.00000E+00
    10  28.515   0.000   0.000  0.00000E+00  0.00000E+00  0.00000E+00  0.00000E+00  0.00000E+00  0.00000E+00  0.00000E+00  0.00000E+00
    11  29.200   0.000   0.000  0.00000E+00  0.00000E+00  0.00000E+00  0.00000E+00  0.00000E+00  0.00000E+00  0.00000E+00  0.00000E+00
    12  29.353   0.000   0.000  0.00000E+00  0.00000E+00  0.00000E+00  0.00000E+00  0.00000E+00  0.00000E+00  0.00000E+00  0.00000E+00
    13  29.975   0.000   0.000  0.00000E+00  0.00000E+00  0.00000E+00  0.00000E+00  0.00000E+00  0.00000E+00  0.00000E+00  0.00000E+00
    14  30.250   0.000   0.000  0.00000E+00  0.00000E+00  0.00000E+00  0.00000E+00  0.00000E+00  0.00000E+00  0.00000E+00  0.00000E+00
    15  30.803   0.000   0.000  0.00000E+00  0.00000E+00  0.00000E+00  0.00000E+00  0.00000E+00  0.00000E+00  0.00000E+00  0.00000E+00
    19  31.754   0.000   0.000  0.00000E+00  0.00000E+00  0.00000E+00  0.00000E+00  0.00000E+00  0.00000E+00  0.00000E+00  0.00000E+00
     7  30.00
     1  15.157  14.843   0.787  0.15822E-16  0.15822E-16  0.00000E+00  0.00000E+00  0.00000E+00  0.00000E+00  0.00000E+00  0.00000E+00
     2  20.567   9.433   6.197  0.14572E-16  0.14572E-16  0.00000E+00  0.00000E+00  0.00000E+00  0.00000E+00  0.00000E+00  0.00000E+00
     3  23.271   6.729   8.901  0.98443E-17  0.97169E-17  0.00000E+00  0.12743E-18  0.00000E+00  0.00000E+00  0.00000E+00  0.00000E+00
     5  25.514   4.486  11.144  0.45971E-18  0.38850E-18  0.18553E-20  0.49597E-19  0.00000E+00  0.81284E-20  0.11609E-19  0.16773E-22
     6  25.718   4.282  11.348  0.38363E-19  0.31008E-19  0.38860E-21  0.43928E-20  0.00000E+00  0.11676E-20  0.13969E-20  0.89207E-23
     7  26.728   3.272  12.358  0.18288E-19  0.11169E-19  0.84418E-21  0.30083E-20  0.00000E+00  0.16243E-20  0.12153E-20  0.42724E-21
     8  27.218   2.782  12.848  0.88362E-20  0.45248E-20  0.42554E-21  0.19255E-20  0.00000E+00  0.83228E-21  0.53858E-21  0.58222E-21
     9  28.141   1.859  13.771  0.32089E-19  0.12298E-19  0.13314E-20  0.83604E-20  0.00000E+00  0.27168E-20  0.15021E-20  0.50425E-20
    10  28.515   1.485  14.145  0.21765E-19  0.72971E-20  0.84628E-21  0.59227E-20  0.00000E+00  0.16549E-20  0.88507E-21  0.40920E-20
    11  29.200   0.800  14.830  0.25564E-19  0.68014E-20  0.10703E-20  0.71590E-20  0.00000E+00  0.15672E-20  0.80588E-21  0.58660E-20
    12  29.353   0.647  14.983  0.11421E-18  0.28980E-19  0.49020E-20  0.31909E-19  0.00000E+00  0.66745E-20  0.34153E-20  0.27300E-19
    13  29.975   0.000   0.000  0.00000E+00  0.00000E+00  0.00000E+00  0.00000E+00  0.00000E+00  0.00000E+00  0.00000E+00  0.00000E+00
    14  30.250   0.000   0.000  0.00000E+00  0.00000E+00  0.00000E+00  0.00000E+00  0.00000E+00  0.00000E+00  0.00000E+00  0.00000E+00
    15  30.803   0.000   0.000  0.00000E+00  0.00000E+00  0.00000E+00  0.00000E+00  0.00000E+00  0.00000E+00  0.00000E+00  0.00000E+00
    19  31.754   0.000   0.000  0.00000E+00  0.00000E+00  0.00000E+00  0.00000E+00  0.00000E+00  0.00000E+00  0.00000E+00  0.00000E+00
     8  33.00
     1  15.157  17.843   0.787  0.30737E-16  0.30737E-16  0.00000E+00  0.00000E+00  0.00000E+00  0.00000E+00  0.00000E+00  0.00000E+00
     2  20.567  12.433   6.197  0.32039E-16  0.32039E-16  0.00000E+00  0.00000E+00  0.00000E+00  0.00000E+00  0.00000E+00  0.00000E+00
     3  23.271   9.729   8.901  0.24933E-16  0.24611E-16  0.00000E+00  0.32275E-18  0.00000E+00  0.00000E+00  0.00000E+00  0.00000E+00
     5  25.514   7.486  11.144  0.25754E-17  0.21765E-17  0.10394E-19  0.27786E-18  0.00000E+00  0.45538E-19  0.65037E-19  0.93966E-22
     6  25.718   7.282  11.348  0.13458E-18  0.10878E-18  0.13633E-20  0.15411E-19  0.00000E+00  0.40961E-20  0.49006E-20  0.31295E-22
     7  26.728   6.272  12.358  0.11373E-18  0.69455E-19  0.52497E-20  0.18708E-19  0.00000E+00  0.10101E-19  0.75576E-20  0.26569E-20
     8  27.218   5.782  12.848  0.68656E-19  0.35157E-19  0.33064E-20  0.14961E-19  0.00000E+00  0.64667E-20  0.41847E-20  0.45237E-20
     9  28.141   4.859  13.771  0.28712E-18  0.11004E-18  0.11913E-19  0.74806E-19  0.00000E+00  0.24309E-19  0.13440E-19  0.45119E-19
    10  28.515   4.485  14.145  0.27428E-18  0.91959E-19  0.10665E-19  0.74639E-19  0.00000E+00  0.20856E-19  0.11154E-19  0.51568E-19
    11  29.200   3.800  14.830  0.10185E-17  0.27099E-18  0.42644E-19  0.28523E-18  0.00000E+00  0.62440E-19  0.32108E-19  0.23372E-18
    12  29.353   3.647  14.983  0.78241E-17  0.19853E-17  0.33581E-18  0.21859E-17  0.00000E+00  0.45724E-18  0.23396E-18  0.18702E-17
    13  29.975   3.025  15.605  0.85740E-19  0.18244E-19  0.39468E-20  0.24132E-19  0.00000E+00  0.41714E-20  0.20979E-20  0.23304E-19
    14  30.250   2.750  15.880  0.54906E-19  0.10869E-19  0.25316E-20  0.15768E-19  0.00000E+00  0.24698E-20  0.12361E-20  0.15503E-19
    15  30.803   2.197  16.433  0.36338E-19  0.63297E-20  0.16327E-20  0.10969E-19  0.00000E+00  0.14302E-20  0.70451E-21  0.10816E-19
    19  31.754   1.246  17.384  0.92691E-20  0.13259E-20  0.37607E-21  0.29456E-20  0.00000E+00  0.41608E-21  0.14250E-21  0.29576E-20
     9  36.00
     1  15.157  20.843   0.787  0.53706E-16  0.53706E-16  0.00000E+00  0.00000E+00  0.00000E+00  0.00000E+00  0.00000E+00  0.00000E+00
     2  20.567  15.433   6.197  0.60711E-16  0.60711E-16  0.00000E+00  0.00000E+00  0.00000E+00  0.00000E+00  0.00000E+00  0.00000E+00
     3  23.271  12.729   8.901  0.50702E-16  0.50045E-16  0.00000E+00  0.65631E-18  0.00000E+00  0.00000E+00  0.00000E+00  0.00000E+00
     5  25.514  10.486  11.144  0.92006E-17  0.77755E-17  0.37131E-19  0.99263E-18  0.00000E+00  0.16268E-18  0.23234E-18  0.33569E-21
     6  25.718  10.282  11.348  0.34090E-18  0.27554E-18  0.34531E-20  0.39035E-19  0.00000E+00  0.10375E-19  0.12413E-19  0.79270E-22
     7  26.728   9.272  12.358  0.37760E-18  0.23060E-18  0.17430E-19  0.62112E-19  0.00000E+00  0.33537E-19  0.25092E-19  0.88212E-20
     8  27.218   8.782  12.848  0.25016E-18  0.12810E-18  0.12047E-19  0.54512E-19  0.00000E+00  0.23563E-19  0.15248E-19  0.16483E-19
     9  28.141   7.859  13.771  0.92461E-18  0.35434E-18  0.38362E-19  0.24089E-18  0.00000E+00  0.78282E-19  0.43280E-19  0.14529E-18
    10  28.515   7.485  14.145  0.96128E-18  0.32229E-18  0.37378E-19  0.26159E-18  0.00000E+00  0.73093E-19  0.39091E-19  0.18073E-18
    11  29.200   6.800  14.830  0.42470E-17  0.11299E-17  0.17782E-18  0.11893E-17  0.00000E+00  0.26036E-18  0.13388E-18  0.97455E-18
    12  29.353   6.647  14.983  0.33275E-16  0.84431E-17  0.14282E-17  0.92965E-17  0.00000E+00  0.19446E-17  0.99502E-18  0.79538E-17
    13  29.975   6.025  15.605  0.42670E-18  0.90797E-19  0.19642E-19  0.12010E-18  0.00000E+00  0.20760E-19  0.10441E-19  0.11598E-18
    14  30.250   5.750  15.880  0.30844E-18  0.61054E-19  0.14221E-19  0.88576E-19  0.00000E+00  0.13874E-19  0.69437E-20  0.87085E-19
    15  30.803   5.197  16.433  0.26135E-18  0.45525E-19  0.11743E-19  0.78895E-19  0.00000E+00  0.10287E-19  0.50671E-20  0.77794E-19
    19  31.754   4.246  17.384  0.15508E-18  0.22183E-19  0.62919E-20  0.49283E-19  0.00000E+00  0.69614E-20  0.23842E-20  0.49483E-19
    10  39.00
     1  15.157  23.843   0.787  0.86633E-16  0.86633E-16  0.00000E+00  0.00000E+00  0.00000E+00  0.00000E+00  0.00000E+00  0.00000E+00
     2  20.567  18.433   6.197  0.10401E-15  0.10401E-15  0.00000E+00  0.00000E+00  0.00000E+00  0.00000E+00  0.00000E+00  0.00000E+00
     3  23.271  15.729   8.901  0.90339E-16  0.89169E-16  0.00000E+00  0.11694E-17  0.00000E+00  0.00000E+00  0.00000E+00  0.00000E+00
     5  25.514  13.486  11.144  0.24507E-16  0.20711E-16  0.98904E-19  0.26440E-17  0.00000E+00  0.43333E-18  0.61887E-18  0.89416E-21
     6  25.718  13.282  11.348  0.72871E-18  0.58900E-18  0.73815E-20  0.83441E-19  0.00000E+00  0.22179E-19  0.26534E-19  0.16945E-21
     7  26.728  12.272  12.358  0.93334E-18  0.57000E-18  0.43083E-19  0.15353E-18  0.00000E+00  0.82896E-19  0.62023E-19  0.21804E-19
     8  27.218  11.782  12.848  0.65289E-18  0.33433E-18  0.31443E-19  0.14227E-18  0.00000E+00  0.61496E-19  0.39795E-19  0.43019E-19
     9  28.141  10.859  13.771  0.21197E-17  0.81235E-18  0.87946E-19  0.55226E-18  0.00000E+00  0.17947E-18  0.99222E-19  0.33309E-18
    10  28.515  10.485  14.145  0.23046E-17  0.77267E-18  0.89611E-19  0.62714E-18  0.00000E+00  0.17524E-18  0.93718E-19  0.43330E-18
    11  29.200   9.800  14.830  0.11059E-16  0.29422E-17  0.46301E-18  0.30969E-17  0.00000E+00  0.67794E-18  0.34862E-18  0.25376E-17
    12  29.353   9.647  14.983  0.86620E-16  0.21979E-16  0.37177E-17  0.24200E-16  0.00000E+00  0.50621E-17  0.25902E-17  0.20705E-16
    13  29.975   9.025  15.605  0.11601E-17  0.24686E-18  0.53403E-19  0.32652E-18  0.00000E+00  0.56442E-19  0.28386E-19  0.31532E-18
    14  30.250   8.750  15.880  0.87975E-18  0.17414E-18  0.40564E-19  0.25264E-18  0.00000E+00  0.39573E-19  0.19805E-19  0.24839E-18
    15  30.803   8.197  16.433  0.79404E-18  0.13832E-18  0.35677E-19  0.23970E-18  0.00000E+00  0.31253E-19  0.15395E-19  0.23635E-18
    19  31.754   7.246  17.384  0.57057E-18  0.81616E-19  0.23149E-19  0.18132E-18  0.00000E+00  0.25612E-19  0.87719E-20  0.18206E-18
    11  42.00
     1  15.157  26.843   0.787  0.13124E-15  0.13124E-15  0.00000E+00  0.00000E+00  0.00000E+00  0.00000E+00  0.00000E+00  0.00000E+00
     2  20.567  21.433   6.197  0.16549E-15  0.16549E-15  0.00000E+00  0.00000E+00  0.00000E+00  0.00000E+00  0.00000E+00  0.00000E+00
     3  23.271  18.729   8.901  0.14706E-15  0.14515E-15  0.00000E+00  0.19036E-17  0.00000E+00  0.00000E+00  0.00000E+00  0.00000E+00
     5  25.514  16.486  11.144  0.53785E-16  0.45454E-16  0.21706E-18  0.58027E-17  0.00000E+00  0.95101E-18  0.13582E-17  0.19624E-20
     6  25.718  16.282  11.348  0.13870E-17  0.11211E-17  0.14050E-19  0.15882E-18  0.00000E+00  0.42214E-19  0.50504E-19  0.32252E-21
     7  26.728  15.272  12.358  0.19311E-17  0.11793E-17  0.89137E-19  0.31765E-18  0.00000E+00  0.17151E-18  0.12832E-18  0.45112E-19
     8  27.218  14.782  12.848  0.14011E-17  0.71747E-18  0.67476E-19  0.30532E-18  0.00000E+00  0.13197E-18  0.85401E-19  0.92320E-19
     9  28.141  13.859  13.771  0.40653E-17  0.15580E-17  0.16867E-18  0.10592E-17  0.00000E+00  0.34419E-18  0.19029E-18  0.63882E-18
    10  28.515  13.485  14.145  0.45550E-17  0.15272E-17  0.17711E-18  0.12395E-17  0.00000E+00  0.34635E-18  0.18523E-18  0.85639E-18
    11  29.200  12.800  14.830  0.23020E-16  0.61246E-17  0.96381E-18  0.64466E-17  0.00000E+00  0.14112E-17  0.72569E-18  0.52823E-17
    12  29.353  12.647  14.983  0.17951E-15  0.45549E-16  0.77046E-17  0.50152E-16  0.00000E+00  0.10491E-16  0.53679E-17  0.42909E-16
    13  29.975  12.025  15.605  0.24435E-17  0.51993E-18  0.11248E-18  0.68771E-18  0.00000E+00  0.11888E-18  0.59786E-19  0.66413E-18
    14  30.250  11.750  15.880  0.19067E-17  0.37742E-18  0.87913E-19  0.54755E-18  0.00000E+00  0.85766E-19  0.42924E-19  0.53834E-18
    15  30.803  11.197  16.433  0.17675E-17  0.30789E-18  0.79418E-19  0.53357E-18  0.00000E+00  0.69570E-19  0.34269E-19  0.52612E-18
    19  31.754  10.246  17.384  0.13967E-17  0.19978E-18  0.56665E-19  0.44385E-18  0.00000E+00  0.62694E-19  0.21472E-19  0.44565E-18
    12  45.00
     1  15.157  29.843   0.787  0.18891E-15  0.18891E-15  0.00000E+00  0.00000E+00  0.00000E+00  0.00000E+00  0.00000E+00  0.00000E+00
     2  20.567  24.433   6.197  0.24871E-15  0.24871E-15  0.00000E+00  0.00000E+00  0.00000E+00  0.00000E+00  0.00000E+00  0.00000E+00
     3  23.271  21.729   8.901  0.22392E-15  0.22102E-15  0.00000E+00  0.28986E-17  0.00000E+00  0.00000E+00  0.00000E+00  0.00000E+00
     5  25.514  19.486  11.144  0.10319E-15  0.87208E-16  0.41645E-18  0.11133E-16  0.00000E+00  0.18246E-17  0.26059E-17  0.37650E-20
     6  25.718  19.282  11.348  0.24180E-17  0.19544E-17  0.24493E-19  0.27687E-18  0.00000E+00  0.73591E-19  0.88045E-19  0.56225E-21
     7  26.728  18.272  12.358  0.35407E-17  0.21624E-17  0.16344E-18  0.58243E-18  0.00000E+00  0.31448E-18  0.23529E-18  0.82717E-19
     8  27.218  17.782  12.848  0.26388E-17  0.13512E-17  0.12708E-18  0.57502E-18  0.00000E+00  0.24855E-18  0.16084E-18  0.17387E-18
     9  28.141  16.859  13.771  0.69635E-17  0.26687E-17  0.28891E-18  0.18142E-17  0.00000E+00  0.58957E-18  0.32596E-18  0.10942E-17
    10  28.515  16.485  14.145  0.79830E-17  0.26765E-17  0.31040E-18  0.21724E-17  0.00000E+00  0.60701E-18  0.32463E-18  0.15009E-17
    11  29.200  15.800  14.830  0.41859E-16  0.11137E-16  0.17526E-17  0.11722E-16  0.00000E+00  0.25661E-17  0.13196E-17  0.96052E-17
    12  29.353  15.647  14.983  0.32468E-15  0.82383E-16  0.13935E-16  0.90709E-16  0.00000E+00  0.18974E-16  0.97087E-17  0.77608E-16
    13  29.975  15.025  15.605  0.44478E-17  0.94643E-18  0.20474E-18  0.12518E-17  0.00000E+00  0.21639E-18  0.10883E-18  0.12089E-17
    14  30.250  14.750  15.880  0.35401E-17  0.70075E-18  0.16323E-18  0.10166E-17  0.00000E+00  0.15924E-18  0.79696E-19  0.99952E-18
    15  30.803  14.197  16.433  0.33276E-17  0.57965E-18  0.14951E-18  0.10045E-17  0.00000E+00  0.13097E-18  0.64516E-19  0.99050E-18
    19  31.754  13.246  17.384  0.27928E-17  0.39950E-18  0.11331E-18  0.88753E-18  0.00000E+00  0.12537E-18  0.42937E-19  0.89113E-18
    13  50.00
     1  15.157  34.843   0.787  0.31644E-15  0.31644E-15  0.00000E+00  0.00000E+00  0.00000E+00  0.00000E+00  0.00000E+00  0.00000E+00
     2  20.567  29.433   6.197  0.44483E-15  0.44483E-15  0.00000E+00  0.00000E+00  0.00000E+00  0.00000E+00  0.00000E+00  0.00000E+00
     3  23.271  26.729   8.901  0.40412E-15  0.39888E-15  0.00000E+00  0.52311E-17  0.00000E+00  0.00000E+00  0.00000E+00  0.00000E+00
     5  25.514  24.486  11.144  0.24879E-15  0.21026E-15  0.10041E-17  0.26842E-16  0.00000E+00  0.43991E-17  0.62827E-17  0.90774E-20
     6  25.718  24.282  11.348  0.52687E-17  0.42586E-17  0.53369E-19  0.60329E-18  0.00000E+00  0.16035E-18  0.19185E-18  0.12251E-20
     7  26.728  23.272  12.358  0.80800E-17  0.49345E-17  0.37297E-18  0.13291E-17  0.00000E+00  0.71764E-18  0.53694E-18  0.18876E-18
     8  27.218  22.782  12.848  0.62215E-17  0.31859E-17  0.29962E-18  0.13557E-17  0.00000E+00  0.58601E-18  0.37921E-18  0.40994E-18
     9  28.141  21.859  13.771  0.14459E-16  0.55411E-17  0.59989E-18  0.37670E-17  0.00000E+00  0.12242E-17  0.67680E-18  0.22721E-17
    10  28.515  21.485  14.145  0.17075E-16  0.57248E-17  0.66393E-18  0.46466E-17  0.00000E+00  0.12984E-17  0.69437E-18  0.32103E-17
    11  29.200  20.800  14.830  0.93503E-16  0.24877E-16  0.39148E-17  0.26185E-16  0.00000E+00  0.57322E-17  0.29476E-17  0.21456E-16
    12  29.353  20.647  14.983  0.71902E-15  0.18244E-15  0.30860E-16  0.20088E-15  0.00000E+00  0.42019E-16  0.21501E-16  0.17187E-15
    13  29.975  20.025  15.605  0.98769E-17  0.21017E-17  0.45465E-18  0.27799E-17  0.00000E+00  0.48053E-18  0.24167E-18  0.26845E-17
    14  30.250  19.750  15.880  0.80398E-17  0.15914E-17  0.37070E-18  0.23088E-17  0.00000E+00  0.36164E-18  0.18100E-18  0.22700E-17
    15  30.803  19.197  16.433  0.76468E-17  0.13320E-17  0.34358E-18  0.23083E-17  0.00000E+00  0.30098E-18  0.14826E-18  0.22761E-17
    19  31.754  18.246  17.384  0.68568E-17  0.98083E-18  0.27819E-18  0.21790E-17  0.00000E+00  0.30779E-18  0.10542E-18  0.21879E-17
    14  55.00
     1  15.157  39.843   0.787  0.48365E-15  0.48365E-15  0.00000E+00  0.00000E+00  0.00000E+00  0.00000E+00  0.00000E+00  0.00000E+00
     2  20.567  34.433   6.197  0.72421E-15  0.72421E-15  0.00000E+00  0.00000E+00  0.00000E+00  0.00000E+00  0.00000E+00  0.00000E+00
     3  23.271  31.729   8.901  0.65752E-15  0.64901E-15  0.00000E+00  0.85113E-17  0.00000E+00  0.00000E+00  0.00000E+00  0.00000E+00
     5  25.514  29.486  11.144  0.50198E-15  0.42423E-15  0.20258E-17  0.54158E-16  0.00000E+00  0.88759E-17  0.12676E-16  0.18315E-19
     6  25.718  29.282  11.348  0.10001E-16  0.80834E-17  0.10130E-18  0.11451E-17  0.00000E+00  0.30437E-18  0.36415E-18  0.23255E-20
     7  26.728  28.272  12.358  0.15673E-16  0.95719E-17  0.72348E-18  0.25782E-17  0.00000E+00  0.13921E-17  0.10415E-17  0.36615E-18
     8  27.218  27.782  12.848  0.12368E-16  0.63333E-17  0.59563E-18  0.26951E-17  0.00000E+00  0.11650E-17  0.75386E-18  0.81493E-18
     9  28.141  26.859  13.771  0.26033E-16  0.99765E-17  0.10801E-17  0.67824E-17  0.00000E+00  0.22040E-17  0.12186E-17  0.40907E-17
    10  28.515  26.485  14.145  0.31490E-16  0.10558E-16  0.12244E-17  0.85691E-17  0.00000E+00  0.23944E-17  0.12805E-17  0.59205E-17
    11  29.200  25.800  14.830  0.17773E-15  0.47288E-16  0.74415E-17  0.49774E-16  0.00000E+00  0.10896E-16  0.56030E-17  0.40784E-16
    12  29.353  25.647  14.983  0.13565E-14  0.34420E-15  0.58222E-16  0.37899E-15  0.00000E+00  0.79275E-16  0.40564E-16  0.32425E-15
    13  29.975  25.025  15.605  0.18628E-16  0.39637E-17  0.85746E-18  0.52428E-17  0.00000E+00  0.90626E-18  0.45578E-18  0.50630E-17
    14  30.250  24.750  15.880  0.15385E-16  0.30454E-17  0.70936E-18  0.44181E-17  0.00000E+00  0.69203E-18  0.34635E-18  0.43438E-17
    15  30.803  24.197  16.433  0.14721E-16  0.25643E-17  0.66144E-18  0.44439E-17  0.00000E+00  0.57942E-18  0.28541E-18  0.43819E-17
    19  31.754  23.246  17.384  0.13804E-16  0.19745E-17  0.56004E-18  0.43867E-17  0.00000E+00  0.61963E-18  0.21222E-18  0.44045E-17
    15  60.00
     1  15.157  44.843   0.787  0.68656E-15  0.68656E-15  0.00000E+00  0.00000E+00  0.00000E+00  0.00000E+00  0.00000E+00  0.00000E+00
     2  20.567  39.433   6.197  0.10964E-14  0.10964E-14  0.00000E+00  0.00000E+00  0.00000E+00  0.00000E+00  0.00000E+00  0.00000E+00
     3  23.271  36.729   8.901  0.98886E-15  0.97606E-15  0.00000E+00  0.12800E-16  0.00000E+00  0.00000E+00  0.00000E+00  0.00000E+00
     5  25.514  34.486  11.144  0.89441E-15  0.75587E-15  0.36096E-17  0.96496E-16  0.00000E+00  0.15815E-16  0.22586E-16  0.32633E-19
     6  25.718  34.282  11.348  0.17133E-16  0.13848E-16  0.17355E-18  0.19618E-17  0.00000E+00  0.52144E-18  0.62386E-18  0.39839E-20
     7  26.728  33.272  12.358  0.27083E-16  0.16540E-16  0.12501E-17  0.44550E-17  0.00000E+00  0.24054E-17  0.17997E-17  0.63269E-18
     8  27.218  32.782  12.848  0.21811E-16  0.11169E-16  0.10504E-17  0.47528E-17  0.00000E+00  0.20544E-17  0.13294E-17  0.14371E-17
     9  28.141  31.859  13.771  0.42386E-16  0.16244E-16  0.17586E-17  0.11043E-16  0.00000E+00  0.35886E-17  0.19840E-17  0.66605E-17
    10  28.515  31.485  14.145  0.52357E-16  0.17554E-16  0.20358E-17  0.14248E-16  0.00000E+00  0.39811E-17  0.21291E-17  0.98437E-17
    11  29.200  30.800  14.830  0.30215E-15  0.80389E-16  0.12651E-16  0.84615E-16  0.00000E+00  0.18523E-16  0.95251E-17  0.69334E-16
    12  29.353  30.647  14.983  0.22917E-14  0.58148E-15  0.98359E-16  0.64025E-15  0.00000E+00  0.13392E-15  0.68527E-16  0.54778E-15
    13  29.975  30.025  15.605  0.31448E-16  0.66918E-17  0.14476E-17  0.88512E-17  0.00000E+00  0.15300E-17  0.76948E-18  0.85476E-17
    14  30.250  29.750  15.880  0.26217E-16  0.51895E-17  0.12088E-17  0.75288E-17  0.00000E+00  0.11793E-17  0.59021E-18  0.74022E-17
    15  30.803  29.197  16.433  0.25182E-16  0.43865E-17  0.11314E-17  0.76016E-17  0.00000E+00  0.99115E-18  0.48822E-18  0.74956E-17
    19  31.754  28.246  17.384  0.24406E-16  0.34912E-17  0.99021E-18  0.77561E-17  0.00000E+00  0.10956E-17  0.37522E-18  0.77876E-17
    16  65.00
     1  15.157  49.843   0.787  0.91625E-15  0.91625E-15  0.00000E+00  0.00000E+00  0.00000E+00  0.00000E+00  0.00000E+00  0.00000E+00
     2  20.567  44.433   6.197  0.15653E-14  0.15653E-14  0.00000E+00  0.00000E+00  0.00000E+00  0.00000E+00  0.00000E+00  0.00000E+00
     3  23.271  41.729   8.901  0.13969E-14  0.13788E-14  0.00000E+00  0.18082E-16  0.00000E+00  0.00000E+00  0.00000E+00  0.00000E+00
     5  25.514  39.486  11.144  0.14533E-14  0.12282E-14  0.58650E-17  0.15679E-15  0.00000E+00  0.25696E-16  0.36699E-16  0.53023E-19
     6  25.718  39.282  11.348  0.27119E-16  0.21920E-16  0.27471E-18  0.31053E-17  0.00000E+00  0.82539E-18  0.98749E-18  0.63061E-20
     7  26.728  38.272  12.358  0.42880E-16  0.26187E-16  0.19794E-17  0.70536E-17  0.00000E+00  0.38085E-17  0.28495E-17  0.10017E-17
     8  27.218  37.782  12.848  0.35166E-16  0.18008E-16  0.16936E-17  0.76630E-17  0.00000E+00  0.33123E-17  0.21434E-17  0.23171E-17
     9  28.141  36.859  13.771  0.63958E-16  0.24511E-16  0.26536E-17  0.16663E-16  0.00000E+00  0.54150E-17  0.29938E-17  0.10050E-16
    10  28.515  36.485  14.145  0.80538E-16  0.27002E-16  0.31316E-17  0.21916E-16  0.00000E+00  0.61239E-17  0.32751E-17  0.15142E-16
    11  29.200  35.800  14.830  0.47261E-15  0.12574E-15  0.19788E-16  0.13235E-15  0.00000E+00  0.28973E-16  0.14899E-16  0.10845E-15
    12  29.353  35.647  14.983  0.35660E-14  0.90482E-15  0.15305E-15  0.99627E-15  0.00000E+00  0.20839E-15  0.10663E-15  0.85238E-15
    13  29.975  35.025  15.605  0.48938E-16  0.10413E-16  0.22527E-17  0.13774E-16  0.00000E+00  0.23809E-17  0.11974E-17  0.13301E-16
    14  30.250  34.750  15.880  0.41019E-16  0.81197E-17  0.18913E-17  0.11780E-16  0.00000E+00  0.18451E-17  0.92345E-18  0.11582E-16
    15  30.803  34.197  16.433  0.39519E-16  0.68838E-17  0.17756E-17  0.11929E-16  0.00000E+00  0.15554E-17  0.76618E-18  0.11763E-16
    19  31.754  33.246  17.384  0.39303E-16  0.56221E-17  0.15946E-17  0.12490E-16  0.00000E+00  0.17643E-17  0.60425E-18  0.12541E-16
    17  70.00
     1  15.157  54.843   0.787  0.11596E-14  0.11596E-14  0.00000E+00  0.00000E+00  0.00000E+00  0.00000E+00  0.00000E+00  0.00000E+00
     2  20.567  49.433   6.197  0.21286E-14  0.21286E-14  0.00000E+00  0.00000E+00  0.00000E+00  0.00000E+00  0.00000E+00  0.00000E+00
     3  23.271  46.729   8.901  0.18739E-14  0.18496E-14  0.00000E+00  0.24257E-16  0.00000E+00  0.00000E+00  0.00000E+00  0.00000E+00
     5  25.514  44.486  11.144  0.21983E-14  0.18578E-14  0.88718E-17  0.23717E-15  0.00000E+00  0.38870E-16  0.55513E-16  0.80207E-19
     6  25.718  44.282  11.348  0.40309E-16  0.32581E-16  0.40831E-18  0.46156E-17  0.00000E+00  0.12268E-17  0.14678E-17  0.93731E-20
     7  26.728  43.272  12.358  0.63362E-16  0.38696E-16  0.29248E-17  0.10423E-16  0.00000E+00  0.56276E-17  0.42106E-17  0.14802E-17
     8  27.218  42.782  12.848  0.52860E-16  0.27068E-16  0.25457E-17  0.11519E-16  0.00000E+00  0.49789E-17  0.32219E-17  0.34830E-17
     9  28.141  41.859  13.771  0.90857E-16  0.34820E-16  0.37696E-17  0.23672E-16  0.00000E+00  0.76924E-17  0.42529E-17  0.14277E-16
    10  28.515  41.485  14.145  0.11652E-15  0.39065E-16  0.45306E-17  0.31708E-16  0.00000E+00  0.88598E-17  0.47383E-17  0.21907E-16
    11  29.200  40.800  14.830  0.69245E-15  0.18423E-15  0.28992E-16  0.19392E-15  0.00000E+00  0.42451E-16  0.21829E-16  0.15890E-15
    12  29.353  40.647  14.983  0.52025E-14  0.13201E-14  0.22329E-15  0.14535E-14  0.00000E+00  0.30404E-15  0.15557E-15  0.12436E-14
    13  29.975  40.025  15.605  0.71480E-16  0.15210E-16  0.32903E-17  0.20118E-16  0.00000E+00  0.34776E-17  0.17490E-17  0.19428E-16
    14  30.250  39.750  15.880  0.60053E-16  0.11887E-16  0.27689E-17  0.17246E-16  0.00000E+00  0.27013E-17  0.13519E-17  0.16956E-16
    15  30.803  39.197  16.433  0.58020E-16  0.10107E-16  0.26069E-17  0.17515E-16  0.00000E+00  0.22837E-17  0.11249E-17  0.17270E-16
    19  31.754  38.246  17.384  0.58921E-16  0.84282E-17  0.23905E-17  0.18725E-16  0.00000E+00  0.26449E-17  0.90585E-18  0.18800E-16
    18  80.00
     1  15.157  64.843   0.787  0.16238E-14  0.16238E-14  0.00000E+00  0.00000E+00  0.00000E+00  0.00000E+00  0.00000E+00  0.00000E+00
     2  20.567  59.433   6.197  0.34968E-14  0.34968E-14  0.00000E+00  0.00000E+00  0.00000E+00  0.00000E+00  0.00000E+00  0.00000E+00
     3  23.271  56.729   8.901  0.29759E-14  0.29374E-14  0.00000E+00  0.38522E-16  0.00000E+00  0.00000E+00  0.00000E+00  0.00000E+00
     5  25.514  54.486  11.144  0.42773E-14  0.36148E-14  0.17262E-16  0.46147E-15  0.00000E+00  0.75631E-16  0.10801E-15  0.15606E-18
     6  25.718  54.282  11.348  0.76994E-16  0.62233E-16  0.77991E-18  0.88163E-17  0.00000E+00  0.23433E-17  0.28036E-17  0.17904E-19
     7  26.728  53.272  12.358  0.11789E-15  0.71999E-16  0.54420E-17  0.19393E-16  0.00000E+00  0.10471E-16  0.78344E-17  0.27542E-17
     8  27.218  52.782  12.848  0.10170E-15  0.52078E-16  0.48978E-17  0.22161E-16  0.00000E+00  0.95792E-17  0.61988E-17  0.67010E-17
     9  28.141  51.859  13.771  0.15925E-15  0.61030E-16  0.66072E-17  0.41490E-16  0.00000E+00  0.13483E-16  0.74543E-17  0.25024E-16
    10  28.515  51.485  14.145  0.21157E-15  0.70934E-16  0.82266E-17  0.57574E-16  0.00000E+00  0.16087E-16  0.86036E-17  0.39778E-16
    11  29.200  50.800  14.830  0.12782E-14  0.34007E-15  0.53516E-16  0.35795E-15  0.00000E+00  0.78359E-16  0.40294E-16  0.29330E-15
    12  29.353  50.647  14.983  0.95433E-14  0.24215E-14  0.40960E-15  0.26662E-14  0.00000E+00  0.55771E-15  0.28537E-15  0.22811E-14
    13  29.975  50.025  15.605  0.13193E-15  0.28073E-16  0.60729E-17  0.37132E-16  0.00000E+00  0.64185E-17  0.32280E-17  0.35858E-16
    14  30.250  49.750  15.880  0.11050E-15  0.21873E-16  0.50948E-17  0.31732E-16  0.00000E+00  0.49704E-17  0.24876E-17  0.31198E-16
    15  30.803  49.197  16.433  0.10744E-15  0.18715E-16  0.48273E-17  0.32432E-16  0.00000E+00  0.42287E-17  0.20830E-17  0.31980E-16
    19  31.754  48.246  17.384  0.11262E-15  0.16110E-16  0.45692E-17  0.35790E-16  0.00000E+00  0.50554E-17  0.17314E-17  0.35935E-16
    19  90.00
     1  15.157  74.843   0.787  0.19593E-14  0.19593E-14  0.00000E+00  0.00000E+00  0.00000E+00  0.00000E+00  0.00000E+00  0.00000E+00
     2  20.567  69.433   6.197  0.50630E-14  0.50630E-14  0.00000E+00  0.00000E+00  0.00000E+00  0.00000E+00  0.00000E+00  0.00000E+00
     3  23.271  66.729   8.901  0.41389E-14  0.40853E-14  0.00000E+00  0.53577E-16  0.00000E+00  0.00000E+00  0.00000E+00  0.00000E+00
     5  25.514  64.486  11.144  0.70856E-14  0.59881E-14  0.28596E-16  0.76445E-15  0.00000E+00  0.12529E-15  0.17893E-15  0.25852E-18
     6  25.718  64.282  11.348  0.12704E-15  0.10268E-15  0.12868E-17  0.14547E-16  0.00000E+00  0.38665E-17  0.46258E-17  0.29541E-19
     7  26.728  63.272  12.358  0.18642E-15  0.11385E-15  0.86053E-17  0.30666E-16  0.00000E+00  0.16558E-16  0.12388E-16  0.43551E-17
     8  27.218  62.782  12.848  0.16644E-15  0.85228E-16  0.80155E-17  0.36268E-16  0.00000E+00  0.15677E-16  0.10145E-16  0.10967E-16
     9  28.141  61.859  13.771  0.24145E-15  0.92533E-16  0.10018E-16  0.62907E-16  0.00000E+00  0.20443E-16  0.11302E-16  0.37942E-16
    10  28.515  61.485  14.145  0.33230E-15  0.11141E-15  0.12921E-16  0.90427E-16  0.00000E+00  0.25267E-16  0.13513E-16  0.62476E-16
    11  29.200  60.800  14.830  0.20232E-14  0.53829E-15  0.84709E-16  0.56659E-15  0.00000E+00  0.12403E-15  0.63781E-16  0.46426E-15
    12  29.353  60.647  14.983  0.15047E-13  0.38180E-14  0.64582E-15  0.42039E-14  0.00000E+00  0.87934E-15  0.44995E-15  0.35967E-14
    13  29.975  60.025  15.605  0.21042E-15  0.44775E-16  0.96860E-17  0.59223E-16  0.00000E+00  0.10237E-16  0.51486E-17  0.57192E-16
    14  30.250  59.750  15.880  0.17419E-15  0.34480E-16  0.80315E-17  0.50023E-16  0.00000E+00  0.78354E-17  0.39214E-17  0.49181E-16
    15  30.803  59.197  16.433  0.17074E-15  0.29742E-16  0.76716E-17  0.51542E-16  0.00000E+00  0.67204E-17  0.33103E-17  0.50823E-16
    19  31.754  58.246  17.384  0.18308E-15  0.26189E-16  0.74281E-17  0.58183E-16  0.00000E+00  0.82185E-17  0.28148E-17  0.58419E-16
    20 100.00
     1  15.157  84.843   0.787  0.21055E-14  0.21055E-14  0.00000E+00  0.00000E+00  0.00000E+00  0.00000E+00  0.00000E+00  0.00000E+00
     2  20.567  79.433   6.197  0.66336E-14  0.66336E-14  0.00000E+00  0.00000E+00  0.00000E+00  0.00000E+00  0.00000E+00  0.00000E+00
     3  23.271  76.729   8.901  0.51892E-14  0.51221E-14  0.00000E+00  0.67173E-16  0.00000E+00  0.00000E+00  0.00000E+00  0.00000E+00
     5  25.514  74.486  11.144  0.10425E-13  0.88099E-14  0.42071E-16  0.11247E-14  0.00000E+00  0.18432E-15  0.26325E-15  0.38035E-18
     6  25.718  74.282  11.348  0.18799E-15  0.15195E-15  0.19042E-17  0.21526E-16  0.00000E+00  0.57215E-17  0.68452E-17  0.43714E-19
     7  26.728  73.272  12.358  0.26063E-15  0.15917E-15  0.12031E-16  0.42873E-16  0.00000E+00  0.23149E-16  0.17320E-16  0.60888E-17
     8  27.218  72.782  12.848  0.24124E-15  0.12353E-15  0.11618E-16  0.52569E-16  0.00000E+00  0.22722E-16  0.14704E-16  0.15895E-16
     9  28.141  71.859  13.771  0.32754E-15  0.12552E-15  0.13589E-16  0.85336E-16  0.00000E+00  0.27731E-16  0.15332E-16  0.51469E-16
    10  28.515  71.485  14.145  0.46731E-15  0.15667E-15  0.18170E-16  0.12717E-15  0.00000E+00  0.35533E-16  0.19003E-16  0.87860E-16
    11  29.200  70.800  14.830  0.28487E-14  0.75792E-15  0.11927E-15  0.79776E-15  0.00000E+00  0.17464E-15  0.89804E-16  0.65369E-15
    12  29.353  70.647  14.983  0.21144E-13  0.53649E-14  0.90748E-15  0.59072E-14  0.00000E+00  0.12356E-14  0.63225E-15  0.50540E-14
    13  29.975  70.025  15.605  0.30067E-15  0.63978E-16  0.13840E-16  0.84624E-16  0.00000E+00  0.14628E-16  0.73568E-17  0.81722E-16
    14  30.250  69.750  15.880  0.24418E-15  0.48334E-16  0.11259E-16  0.70122E-16  0.00000E+00  0.10984E-16  0.54971E-17  0.68942E-16
    15  30.803  69.197  16.433  0.24181E-15  0.42122E-16  0.10865E-16  0.72996E-16  0.00000E+00  0.95178E-17  0.46883E-17  0.71978E-16
    19  31.754  68.246  17.384  0.26360E-15  0.37707E-16  0.10695E-16  0.83771E-16  0.00000E+00  0.11833E-16  0.40526E-17  0.84111E-16
