     1  12.00
     1  15.250   0.000   0.000  0.00000E+00  0.00000E+00  0.00000E+00  0.00000E+00  0.00000E+00  0.00000E+00  0.00000E+00  0.00000E+00
     2  15.00
     1  15.250   0.000   0.000  0.00000E+00  0.00000E+00  0.00000E+00  0.00000E+00  0.00000E+00  0.00000E+00  0.00000E+00  0.00000E+00
     3  18.00
     1  15.250   2.750   0.880  0.22549E-23  0.22549E-23  0.00000E+00  0.00000E+00  0.00000E+00  0.00000E+00  0.00000E+00  0.00000E+00
     4  21.00
     1  15.250   5.750   0.880  0.63129E-22  0.63129E-22  0.00000E+00  0.00000E+00  0.00000E+00  0.00000E+00  0.00000E+00  0.00000E+00
     5  24.00
     1  15.250   8.750   0.880  0.58916E-21  0.58916E-21  0.00000E+00  0.00000E+00  0.00000E+00  0.00000E+00  0.00000E+00  0.00000E+00
     6  27.00
     1  15.250  11.750   0.880  0.32672E-20  0.32672E-20  0.00000E+00  0.00000E+00  0.00000E+00  0.00000E+00  0.00000E+00  0.00000E+00
     7  30.00
     1  15.250  14.750   0.880  0.13205E-19  0.13205E-19  0.00000E+00  0.00000E+00  0.00000E+00  0.00000E+00  0.00000E+00  0.00000E+00
     8  33.00
     1  15.250  17.750   0.880  0.43003E-19  0.43003E-19  0.00000E+00  0.00000E+00  0.00000E+00  0.00000E+00  0.00000E+00  0.00000E+00
     9  36.00
     1  15.250  20.750   0.880  0.11956E-18  0.11956E-18  0.00000E+00  0.00000E+00  0.00000E+00  0.00000E+00  0.00000E+00  0.00000E+00
    10  39.00
     1  15.250  23.750   0.880  0.29440E-18  0.29440E-18  0.00000E+00  0.00000E+00  0.00000E+00  0.00000E+00  0.00000E+00  0.00000E+00
    11  42.00
     1  15.250  26.750   0.880  0.65825E-18  0.65825E-18  0.00000E+00  0.00000E+00  0.00000E+00  0.00000E+00  0.00000E+00  0.00000E+00
    12  45.00
     1  15.250  29.750   0.880  0.13604E-17  0.13604E-17  0.00000E+00  0.00000E+00  0.00000E+00  0.00000E+00  0.00000E+00  0.00000E+00
    13  50.00
     1  15.250  34.750   0.880  0.39625E-17  0.39625E-17  0.00000E+00  0.00000E+00  0.00000E+00  0.00000E+00  0.00000E+00  0.00000E+00
    14  55.00
     1  15.250  39.750   0.880  0.10031E-16  0.10031E-16  0.00000E+00  0.00000E+00  0.00000E+00  0.00000E+00  0.00000E+00  0.00000E+00
    15  60.00
     1  15.250  44.750   0.880  0.22718E-16  0.22718E-16  0.00000E+00  0.00000E+00  0.00000E+00  0.00000E+00  0.00000E+00  0.00000E+00
    16  65.00
     1  15.250  49.750   0.880  0.46986E-16  0.46986E-16  0.00000E+00  0.00000E+00  0.00000E+00  0.00000E+00  0.00000E+00  0.00000E+00
    17  70.00
     1  15.250  54.750   0.880  0.90077E-16  0.90077E-16  0.00000E+00  0.00000E+00  0.00000E+00  0.00000E+00  0.00000E+00  0.00000E+00
    18  80.00
     1  15.250  64.750   0.880  0.27522E-15  0.27522E-15  0.00000E+00  0.00000E+00  0.00000E+00  0.00000E+00  0.00000E+00  0.00000E+00
    19  90.00
     1  15.250  74.750   0.880  0.69099E-15  0.69099E-15  0.00000E+00  0.00000E+00  0.00000E+00  0.00000E+00  0.00000E+00  0.00000E+00
    20 100.00
     1  15.250  84.750   0.880  0.14861E-14  0.14861E-14  0.00000E+00  0.00000E+00  0.00000E+00  0.00000E+00  0.00000E+00  0.00000E+00
