     1  12.00
     1  14.906   0.000   0.000  0.00000E+00  0.00000E+00  0.00000E+00  0.00000E+00  0.00000E+00  0.00000E+00  0.00000E+00  0.00000E+00
     3  27.580   0.000   0.000  0.00000E+00  0.00000E+00  0.00000E+00  0.00000E+00  0.00000E+00  0.00000E+00  0.00000E+00  0.00000E+00
     4  27.990   0.000   0.000  0.00000E+00  0.00000E+00  0.00000E+00  0.00000E+00  0.00000E+00  0.00000E+00  0.00000E+00  0.00000E+00
     2  15.00
     1  14.906   0.000   0.000  0.00000E+00  0.00000E+00  0.00000E+00  0.00000E+00  0.00000E+00  0.00000E+00  0.00000E+00  0.00000E+00
     3  27.580   0.000   0.000  0.00000E+00  0.00000E+00  0.00000E+00  0.00000E+00  0.00000E+00  0.00000E+00  0.00000E+00  0.00000E+00
     4  27.990   0.000   0.000  0.00000E+00  0.00000E+00  0.00000E+00  0.00000E+00  0.00000E+00  0.00000E+00  0.00000E+00  0.00000E+00
     3  18.00
     1  14.906   3.094   0.536  0.47687E-19  0.47687E-19  0.00000E+00  0.00000E+00  0.00000E+00  0.00000E+00  0.00000E+00  0.00000E+00
     3  27.580   0.000   0.000  0.00000E+00  0.00000E+00  0.00000E+00  0.00000E+00  0.00000E+00  0.00000E+00  0.00000E+00  0.00000E+00
     4  27.990   0.000   0.000  0.00000E+00  0.00000E+00  0.00000E+00  0.00000E+00  0.00000E+00  0.00000E+00  0.00000E+00  0.00000E+00
     4  21.00
     1  14.906   6.094   0.536  0.18967E-18  0.18967E-18  0.00000E+00  0.00000E+00  0.00000E+00  0.00000E+00  0.00000E+00  0.00000E+00
     3  27.580   0.000   0.000  0.00000E+00  0.00000E+00  0.00000E+00  0.00000E+00  0.00000E+00  0.00000E+00  0.00000E+00  0.00000E+00
     4  27.990   0.000   0.000  0.00000E+00  0.00000E+00  0.00000E+00  0.00000E+00  0.00000E+00  0.00000E+00  0.00000E+00  0.00000E+00
     5  24.00
     1  14.906   9.094   0.536  0.42837E-18  0.42837E-18  0.00000E+00  0.00000E+00  0.00000E+00  0.00000E+00  0.00000E+00  0.00000E+00
     3  27.580   0.000   0.000  0.00000E+00  0.00000E+00  0.00000E+00  0.00000E+00  0.00000E+00  0.00000E+00  0.00000E+00  0.00000E+00
     4  27.990   0.000   0.000  0.00000E+00  0.00000E+00  0.00000E+00  0.00000E+00  0.00000E+00  0.00000E+00  0.00000E+00  0.00000E+00
     6  27.00
     1  14.906  12.094   0.536  0.76797E-18  0.76797E-18  0.00000E+00  0.00000E+00  0.00000E+00  0.00000E+00  0.00000E+00  0.00000E+00
     3  27.580   0.000   0.000  0.00000E+00  0.00000E+00  0.00000E+00  0.00000E+00  0.00000E+00  0.00000E+00  0.00000E+00  0.00000E+00
     4  27.990   0.000   0.000  0.00000E+00  0.00000E+00  0.00000E+00  0.00000E+00  0.00000E+00  0.00000E+00  0.00000E+00  0.00000E+00
     7  30.00
     1  14.906  15.094   0.536  0.12138E-17  0.12138E-17  0.00000E+00  0.00000E+00  0.00000E+00  0.00000E+00  0.00000E+00  0.00000E+00
     3  27.580   2.420  13.210  0.75727E-18  0.28507E-18  0.73238E-19  0.17953E-18  0.00000E+00  0.84460E-19  0.87460E-19  0.43726E-19
     4  27.990   2.010  13.620  0.20636E-17  0.71177E-18  0.19176E-18  0.52189E-18  0.00000E+00  0.21472E-18  0.21885E-18  0.16843E-18
     8  33.00
     1  14.906  18.094   0.536  0.17723E-17  0.17723E-17  0.00000E+00  0.00000E+00  0.00000E+00  0.00000E+00  0.00000E+00  0.00000E+00
     3  27.580   5.420  13.210  0.38261E-17  0.14403E-17  0.37003E-18  0.90704E-18  0.00000E+00  0.42672E-18  0.44188E-18  0.22092E-18
     4  27.990   5.010  13.620  0.13060E-16  0.45047E-17  0.12136E-17  0.33030E-17  0.00000E+00  0.13589E-17  0.13851E-17  0.10660E-17
     9  36.00
     1  14.906  21.094   0.536  0.24509E-17  0.24509E-17  0.00000E+00  0.00000E+00  0.00000E+00  0.00000E+00  0.00000E+00  0.00000E+00
     3  27.580   8.420  13.210  0.91124E-17  0.34303E-17  0.88128E-18  0.21603E-17  0.00000E+00  0.10163E-17  0.10524E-17  0.52617E-18
     4  27.990   8.010  13.620  0.32979E-16  0.11375E-16  0.30646E-17  0.83407E-17  0.00000E+00  0.34315E-17  0.34976E-17  0.26918E-17
    10  39.00
     1  14.906  24.094   0.536  0.32577E-17  0.32577E-17  0.00000E+00  0.00000E+00  0.00000E+00  0.00000E+00  0.00000E+00  0.00000E+00
     3  27.580  11.420  13.210  0.16468E-16  0.61993E-17  0.15927E-17  0.39041E-17  0.00000E+00  0.18367E-17  0.19019E-17  0.95089E-18
     4  27.990  11.010  13.620  0.61239E-16  0.21123E-16  0.56906E-17  0.15488E-16  0.00000E+00  0.63720E-17  0.64946E-17  0.49985E-17
    11  42.00
     1  14.906  27.094   0.536  0.42019E-17  0.42019E-17  0.00000E+00  0.00000E+00  0.00000E+00  0.00000E+00  0.00000E+00  0.00000E+00
     3  27.580  14.420  13.210  0.25724E-16  0.96837E-17  0.24878E-17  0.60985E-17  0.00000E+00  0.28691E-17  0.29710E-17  0.14854E-17
     4  27.990  14.010  13.620  0.97175E-16  0.33518E-16  0.90300E-17  0.24576E-16  0.00000E+00  0.10111E-16  0.10306E-16  0.79317E-17
    12  45.00
     1  14.906  30.094   0.536  0.52931E-17  0.52931E-17  0.00000E+00  0.00000E+00  0.00000E+00  0.00000E+00  0.00000E+00  0.00000E+00
     3  27.580  17.420  13.210  0.36696E-16  0.13814E-16  0.35489E-17  0.86994E-17  0.00000E+00  0.40927E-17  0.42381E-17  0.21189E-17
     4  27.990  17.010  13.620  0.14006E-15  0.48308E-16  0.13015E-16  0.35421E-16  0.00000E+00  0.14573E-16  0.14853E-16  0.11432E-16
    13  50.00
     1  14.906  35.094   0.536  0.74661E-17  0.74661E-17  0.00000E+00  0.00000E+00  0.00000E+00  0.00000E+00  0.00000E+00  0.00000E+00
     3  27.580  22.420  13.210  0.58249E-16  0.21928E-16  0.56334E-17  0.13809E-16  0.00000E+00  0.64966E-17  0.67274E-17  0.33634E-17
     4  27.990  22.010  13.620  0.22480E-15  0.77537E-16  0.20889E-16  0.56853E-16  0.00000E+00  0.23390E-16  0.23841E-16  0.18349E-16
    14  55.00
     1  14.906  40.094   0.536  0.10124E-16  0.10124E-16  0.00000E+00  0.00000E+00  0.00000E+00  0.00000E+00  0.00000E+00  0.00000E+00
     3  27.580  27.420  13.210  0.83048E-16  0.31263E-16  0.80317E-17  0.19688E-16  0.00000E+00  0.92624E-17  0.95914E-17  0.47953E-17
     4  27.990  27.010  13.620  0.32280E-15  0.11134E-15  0.29996E-16  0.81638E-16  0.00000E+00  0.33587E-16  0.34234E-16  0.26348E-16
    15  60.00
     1  14.906  45.094   0.536  0.13314E-16  0.13314E-16  0.00000E+00  0.00000E+00  0.00000E+00  0.00000E+00  0.00000E+00  0.00000E+00
     3  27.580  32.420  13.210  0.11011E-15  0.41452E-16  0.10649E-16  0.26105E-16  0.00000E+00  0.12281E-16  0.12717E-16  0.63582E-17
     4  27.990  32.010  13.620  0.43016E-15  0.14837E-15  0.39972E-16  0.10879E-15  0.00000E+00  0.44758E-16  0.45620E-16  0.35111E-16
    16  65.00
     1  14.906  50.094   0.536  0.17080E-16  0.17080E-16  0.00000E+00  0.00000E+00  0.00000E+00  0.00000E+00  0.00000E+00  0.00000E+00
     3  27.580  37.420  13.210  0.13851E-15  0.52141E-16  0.13396E-16  0.32837E-16  0.00000E+00  0.15448E-16  0.15997E-16  0.79978E-17
     4  27.990  37.010  13.620  0.54312E-15  0.18733E-15  0.50470E-16  0.13736E-15  0.00000E+00  0.56513E-16  0.57600E-16  0.44331E-16
    17  70.00
     1  14.906  55.094   0.536  0.21461E-16  0.21461E-16  0.00000E+00  0.00000E+00  0.00000E+00  0.00000E+00  0.00000E+00  0.00000E+00
     3  27.580  42.420  13.210  0.16738E-15  0.63007E-16  0.16187E-16  0.39680E-16  0.00000E+00  0.18668E-16  0.19331E-16  0.96646E-17
     4  27.990  42.010  13.620  0.65824E-15  0.22704E-15  0.61167E-16  0.16647E-15  0.00000E+00  0.68491E-16  0.69809E-16  0.53727E-16
    18  80.00
     1  14.906  65.094   0.536  0.32160E-16  0.32160E-16  0.00000E+00  0.00000E+00  0.00000E+00  0.00000E+00  0.00000E+00  0.00000E+00
     3  27.580  52.420  13.210  0.22366E-15  0.84196E-16  0.21631E-16  0.53023E-16  0.00000E+00  0.24945E-16  0.25831E-16  0.12915E-16
     4  27.990  52.010  13.620  0.88342E-15  0.30471E-15  0.82091E-16  0.22342E-15  0.00000E+00  0.91921E-16  0.93690E-16  0.72107E-16
    19  90.00
     1  14.906  75.094   0.536  0.45469E-16  0.45469E-16  0.00000E+00  0.00000E+00  0.00000E+00  0.00000E+00  0.00000E+00  0.00000E+00
     3  27.580  62.420  13.210  0.27464E-15  0.10339E-15  0.26561E-16  0.65109E-16  0.00000E+00  0.30631E-16  0.31719E-16  0.15858E-16
     4  27.990  62.010  13.620  0.10881E-14  0.37531E-15  0.10111E-15  0.27519E-15  0.00000E+00  0.11322E-15  0.11540E-15  0.88814E-16
    20 100.00
     1  14.906  85.094   0.536  0.61196E-16  0.61196E-16  0.00000E+00  0.00000E+00  0.00000E+00  0.00000E+00  0.00000E+00  0.00000E+00
     3  27.580  72.420  13.210  0.31819E-15  0.11978E-15  0.30772E-16  0.75432E-16  0.00000E+00  0.35488E-16  0.36748E-16  0.18373E-16
     4  27.990  72.010  13.620  0.12635E-14  0.43580E-15  0.11741E-15  0.31954E-15  0.00000E+00  0.13147E-15  0.13400E-15  0.10313E-15
