0.05	0.005829403545191817
0.15	0.049909305615240776
0.25	0.1316011090569894
0.35	0.24434748747484294
0.45	0.38190406093565826
0.55	0.5384392337702325
0.65	0.7086120242775868
0.75	0.8876257062966325
0.85	1.0712571985780188
0.95	1.2558639435849368
1.05	1.4383713417056798
1.15	1.6162445879790044
1.25	1.7874490284367663
1.35	1.9504030075952592
1.45	2.1039267423086474
1.55	2.247190155482685
1.65	2.3796619428124224
1.75	2.5010615059167884
1.85	2.6113148164393003
1.95	2.7105148034462783
2.05	2.79888648762607
2.15	2.876756814591247
2.25	2.944528953721837
2.35	3.0026607124014886
2.45	3.0516466530278636
2.55	3.0920034772294605
2.65	3.124258246420396
2.75	3.1489390305205194
2.85	3.1665676100309144
2.95	3.177653895326811
3.05	3.182691767270503
3.15	3.182156082576739
3.25	3.1765006242500955
3.35	3.1661568110106573
3.45	3.151533009560684
3.55	3.1330143197686913
3.65	3.110962725687837
3.75	3.085717523417909
3.85	3.057595957049504
3.95	3.026894001246086
4.05	2.993887246985762
4.15	2.9588318525666004
4.25	2.9219655311247394
4.35	2.8835085521362256
4.45	2.8436647395954378
4.55	2.80262245379307
4.65	2.7605555470237073
4.75	2.7176242862806497
4.85	2.6739762381646157
4.95	2.6297471129447154
5.05	2.5850615660490934
5.15	2.540033956299194
5.25	2.4947690609934656
5.35	2.4493627485415486
5.45	2.403902609787683
5.55	2.358468549474322
5.65	2.3131333395100717
5.75	2.26796313584128
5.85	2.2230179608011182
5.95	2.178352152837998
6.05	2.1340147855174845
6.15	2.090050057657886
6.25	2.0464976564063013
6.35	2.00339309499486
6.45	1.9607677370760344
6.55	1.9186502523304263
6.65	1.8770651358494883
6.75	1.836034408773176
6.85	1.7955764500760458
6.95	1.7557078842130305
7.05	1.7164426656467484
7.15	1.6777925475297732
7.25	1.6397672564235124
7.35	1.6023746546195874
7.45	1.5656208909392872
7.55	1.529510540824764
7.65	1.494046736477625
7.75	1.4592312877464209
7.85	1.4250647944139905
7.95	1.3915467504886367
8.05	1.3586756410594345
8.15	1.3264490322354539
8.25	1.2948636546510948
8.35	1.2639154809849558
8.45	1.2335997979074118
8.55	1.2039112728422783
8.65	1.174844015900351
8.75	1.1463916373170873
8.85	1.1185473007031075
8.95	1.0913037723943593
9.05	1.064653467168598
9.15	1.0385884905761515
9.25	1.013100678115643
9.35	0.9881816314693548
9.45	0.9638227519980626
9.55	0.9400152716814668
9.65	0.9167502816775973
9.75	0.8940187586627727
9.85	0.8718115891027458
9.95	0.8501195915954985
10.05	0.828933537416724
10.15	0.8082441693902495
10.25	0.7880422191975192
10.35	0.768318420071523
10.45	0.749063534312558
10.55	0.7302683464046307
10.65	0.7119236889240105
10.75	0.6940204499291636
10.85	0.6765495829112798
10.95	0.6595021157973119
11.05	0.6428691590717509
11.15	0.6266419130790285
11.25	0.6108116745644342
11.35	0.5953698425076451
11.45	0.5803079232994769
11.55	0.5656175353091492
11.65	0.5512904128863129
11.75	0.5373184098391882
11.85	0.5236935024274897
11.95	0.5104077919062865
12.05	0.49745350665459837
12.15	0.4848230039203157
12.25	0.47250877121096796
12.35	0.4605034273579323
12.45	0.4487997232798629
12.55	0.43739054246941506
12.65	0.42626890122576155
12.75	0.41542794865389476
12.85	0.4048609664503171
12.95	0.3945613684934178
13.05	0.38452270025559326
13.15	0.3747386380530355
13.25	0.36520298814801977
13.35	0.3559096857175218
13.45	0.34685279370104505
13.55	0.3380265015396495
13.65	0.32942512381734357
13.75	0.3210430988152218
13.85	0.3128749869879967
13.95	0.3049154693718933
14.05	0.2971593459322327
14.15	0.2896015338584266
14.25	0.2822370658135479
14.35	0.27506108814510993
14.45	0.2680688590632
14.55	0.2612557467916445
14.65	0.2546172276974554
14.75	0.24814888440340266
14.85	0.24184640388817621
14.95	0.23570557557825042
15.05	0.22972228943523365
15.15	0.22389253404217074
15.25	0.21821239469198644
15.35	0.21267805148097807
15.45	0.20728577740036883
15.55	0.20203193648654189
15.65	0.19691298188596543
15.75	0.19192545403269204
15.85	0.18706597879261075
15.95	0.1823312656354267
16.05	0.17771810582590108
16.15	0.17322337063565846
16.25	0.1688440095767379
16.35	0.1645770486579191
16.45	0.16041958866474013
16.55	0.15636880346400328
16.65	0.15242193833345938
16.75	0.148576308317266
16.85	0.14482929660771696
16.95	0.1411783529536619
17.05	0.13762099209595344
17.15	0.1341547922301854
17.25	0.13077739349692521
17.35	0.1274864964995731
17.45	0.12427986084993349
17.55	0.12115530374152451
17.65	0.11811069855060803
17.75	0.11514397346487923
17.85	0.11225311013971088
17.95	0.10943614238181734
18.05	0.10669115486016371
18.15	0.10401628184391921
18.25	0.10140970596722851
18.35	0.09886965702054315
18.45	0.09639441076824216
18.55	0.09398228779224332
18.65	0.09163165236129339
18.75	0.08934091132560984
18.85	0.08710851303652936
18.95	0.08493294629081116
19.05	0.08281273929922844
19.15	0.08074645867907443
19.25	0.07873270847020243
19.35	0.07677012917421049
19.45	0.07485739681637799
19.55	0.07299322202995757
19.65	0.07117634916242065
19.75	0.06940555540325491
19.85	0.06767964993290931
19.95	0.0659974730924817
20.05	0.0643578955737456
20.15	0.06275981762911073
20.25	0.061202168301116966
20.35	0.059683904671059725
20.45	0.058204011126349244
20.55	0.05676149864620947
20.65	0.055355404105323185
20.75	0.05398478959503682
20.85	0.052648741761739504
20.95	0.05134637116203697
21.05	0.050076811634345283
21.15	0.048839219686532855
21.25	0.047632773899246264
21.35	0.0464566743445586
21.45	0.045310142019585574
21.55	0.04419241829472003
21.65	0.04310276437614022
21.75	0.04204046078225409
21.85	0.041004806833746604
21.95	0.039995120156903353
22.05	0.03901073619989004
22.15	0.03805100776167192
22.25	0.03711530453326518
22.35	0.03620301265101645
22.45	0.03531353426161332
22.55	0.03444628709853516
22.65	0.03360070406965799
22.75	0.03277623285573495
22.85	0.03197233551947806
22.95	0.031188488124973476
23.05	0.030424180367168888
23.15	0.02967891521117573
23.25	0.028952208541136473
23.35	0.02824358881841108
23.45	0.02755259674884352
23.55	0.026878784958874274
23.65	0.02622171768026946
23.75	0.02558097044324394
23.85	0.02495612977775943
23.95	0.02434679292278483
24.05	0.02375256754331093
24.15	0.023173071454915806
24.25	0.022607932355683383
24.35	0.02205678756528126
24.45	0.021519283771009284
24.55	0.020995076780635037
24.65	0.020483831281836336
24.75	0.019985220608075942
24.85	0.019498926510737685
24.95	0.019024638937357678
25.05	0.018562055815788223
25.15	0.018110882844136346
25.25	0.017670833286323063
25.35	0.01724162777311275
25.45	0.01682299410846663
25.55	0.016414667081077774
25.65	0.016016388280948462
25.75	0.01562790592087492
25.85	0.015248974662707365
25.95	0.014879355448257112
26.05	0.014518815334725866
26.15	0.014167127334535123
26.25	0.013824070259437531
26.35	0.01348942856879449
26.45	0.013162992221907753
26.55	0.012844556534295719
26.65	0.012533922037807663
26.75	0.012230894344472571
26.85	0.011935284013981378
26.95	0.011646906424704574
27.05	0.011365581648149572
27.15	0.011091134326764738
27.25	0.01082339355499964
27.35	0.010562192763533373
27.45	0.010307369606585202
27.55	0.010058765852224217
27.65	0.0098162272755967
27.75	0.009579603554992317
27.85	0.00934874817067228
27.95	0.009123518306384682
28.05	0.008903774753494352
28.15	0.008689381817656385
28.25	0.008480207227964626
28.35	0.00827612204850799
28.45	0.008077000592269575
28.55	0.007882720337305287
28.65	0.0076931618451400825
28.75	0.007508208681322144
28.85	0.007327747338076482
28.95	0.0071516671590012605
29.05	0.006979860265751789
29.15	0.006812221486658262
29.25	0.006648648287225337
29.35	0.006489040702462491
29.45	0.00633330127099592
29.55	0.006181334970913947
29.65	0.006033049157299127
29.75	0.005888353501401661
29.85	0.005747159931409898
29.95	0.0056093825747749425
30.05	0.0054749432907977985
30.15	0.005343748994821892
30.25	0.00521572087929975
30.35	0.0050907917007774655
30.45	0.004968880446783409
30.55	0.004849913311064544
30.65	0.004733818323045546
30.75	0.004620525301173272
30.85	0.0045099658074776155
30.95	0.004402073103316256
31.05	0.004296782106271675
31.15	0.004194029348169521
31.25	0.004093752934188441
31.35	0.003995892503032168
31.45	0.003900389188135577
31.55	0.003807185579877062
31.65	0.00371622568877047
31.75	0.003627454909610472
31.85	0.0035408199865459814
31.95	0.003456268979056936
32.05	0.0033737512288105082
32.15	0.0032932173273732186
32.25	0.0032146190847564234
32.35	0.003137909498772923
32.45	0.0030630427251832687
32.55	0.0029899740486108235
32.65	0.0029186598542052613
32.75	0.002849057600034652
32.85	0.0027811257901869425
32.95	0.00271482394856205
33.05	0.002650112593336363
33.15	0.002586953212081945
33.25	0.002525308237523133
33.35	0.0024651410239138
33.45	0.00240641582401893
33.55	0.002349097766684612
33.65	0.0022931528349810332
33.75	0.0022385478449033856
33.85	0.002185250424616079
33.95	0.002133228994226025
34.05	0.0020824527460711066
34.15	0.0020328916255104175
34.25	0.0019845163122030733
34.35	0.001937298201862887
34.45	0.0018912093884764626
34.55	0.0018462226469726185
34.65	0.001802311416331411
34.75	0.0017594497831212447
34.85	0.0017176124654529892
34.95	0.001676774797340242
35.05	0.0016369127134551514
35.15	0.0015980027342696029
35.25	0.0015600219515716932
35.35	0.0015229480143478143
35.45	0.001486759115020869
35.55	0.0014514339760353767
35.65	0.0014169518367805475
35.75	0.001383292440842545
35.85	0.0013504360235774538
35.95	0.0013183632999966967
36.05	0.0012870554529568136
36.15	0.001256494364642536
36.25	0.00122666162040353
36.35	0.0011975397775524596
36.45	0.0011691122251806182
36.55	0.001141362088287711
36.65	0.0011142731248696483
36.75	0.001087829485985503
36.85	0.0010620157061168479
36.95	0.0010368166937679345
37.05	0.0010122177223005476
37.15	0.0009882044209975573
37.25	0.0009647627663492899
37.35	0.0009418790735570722
37.45	0.0009195399882483757
37.55	0.0008977324783981871
37.65	0.0008764438264513534
37.75	0.0008556616216407764
37.85	0.0008353737524964818
37.95	0.0008155683995407155
38.05	0.0007962340281643359
38.15	0.0007773593816799138
38.25	0.0007589334745470481
38.35	0.0007409455857655343
38.45	0.0007233852524321434
38.55	0.0007062422634568713
38.65	0.000689506653434609
38.75	0.0006731686966683388
38.85	0.0006572189013399954
38.95	0.0006416480038252961
39.05	0.0006264469631488882
39.15	0.0006116069555762877
39.25	0.0005971193693391722
39.35	0.0005829757994906561
39.45	0.000569168042887289
39.55	0.0005556880932945984
39.65	0.000542528136613056
39.75	0.0005296805462214742
39.85	0.0005171378784348536
39.95	0.0005048928680738428
40.05	0.0004929384241429986
40.15	0.0004812676256151231
40.25	0.0004698737173190406
40.35	0.000458750105928203
40.45	0.0004478903560476272
40.55	0.0004372881863966989
40.65	0.00042693746608544873
40.75	0.00041683221098198043
40.85	0.00040696658016876837
40.95	0.0003973348724856164
41.05	0.0003879315231571215
41.15	0.00037875110040370193
41.25	0.0003697883026331668
41.35	0.00036103795469790984
41.45	0.00035249500525395735
41.55	0.0003441545236752683
41.65	0.0003360116971458967
41.75	0.00032806182782302827
41.85	0.0003203003300691158
41.95	0.0003127227277514221
42.05	0.00030532465160728874
42.15	0.00029810183667350814
42.25	0.00029105011977822315
42.35	0.0002841654370937943
42.45	0.00027744382174914133
42.55	0.00027088140150008784
42.65	0.00026447439645627287
42.75	0.0002582191168632468
42.85	0.00025211196093837945
42.95	0.0002461494127592609
43.05	0.0002403280402033057
43.15	0.00023464449293729306
43.25	0.00022909550045562414
43.35	0.00022367787016609197
43.45	0.00021838848552199964
43.55	0.00021322430419948966
43.65	0.00020818235631897238
43.75	0.00020325974270957704
43.85	0.0001984536332155617
43.95	0.0001937612650436636
44.05	0.00018917994115038098
44.15	0.0001847070286682091
44.25	0.00018033995736988244
44.35	0.00017607621816968504
44.45	0.00017191336166093034
44.55	0.00016784899668872324
44.65	0.00016388078895714
44.75	0.00016000645966999288
44.85	0.00015622378420435235
44.95	0.00015253059081603168
45.05	0.0001489247593762536
45.15	0.00014540422013873877
45.25	0.00014196695253647666
45.35	0.00013861098400745264
45.45	0.00013533438884862886
45.55	0.0001321352870974911
45.65	0.0001290118434404897
45.75	0.00012596226614772354
45.85	0.00012298480603322508
45.95	0.00012007775544022829
46.05	0.00011723944725081117
46.15	0.00011446825391931948
46.25	0.00011176258652899892
46.35	0.00010912089387126814
46.45	0.00010654166154708551
46.55	0.00010402341108987623
46.65	0.0001015646991094915
46.75	0.00009916411645669817
46.85	0.00009682028740769444
46.95	0.0000945318688681718
47.05	0.0000922975495964474
47.15	0.00009011604944520707
47.25	0.00008798611862140883
47.35	0.00008590653696390757
47.45	0.0000838761132383719
47.55	0.00008189368444907761
47.65	0.00007995811516716657
47.75	0.00007806829687498
47.85	0.00007622314732606997
47.95	0.00007442160992051694
48.05	0.00007266265309518239
48.15	0.00007094526972853533
48.25	0.00006926847655970393
48.35	0.00006763131362140659
48.45	0.0000660328436864305
48.55	0.00006447215172733022
48.65	0.00006294834438902765
48.75	0.00006146054947400552
48.85	0.000060007915439786926
48.95	0.0000585896109084099
49.05	0.00005720482418760569
49.15	0.0000558527628034003
49.25	0.00005453265304386537
49.35	0.00005324373951374931
49.45	0.00005198528469972825
49.55	0.000050756568546021474
49.65	0.000049556888040122115
49.75	0.00004838555680840171
49.85	0.000047241904721349816
49.95	0.00004612527750821889
