0.05	0.000368786330672252
0.15	0.0032390315543156193
0.25	0.008775452880006277
0.35	0.01676664544517662
0.45	0.02700378603420112
0.55	0.03928161133299874
0.65	0.05339934367569262
0.75	0.06916155188946436
0.85	0.08637893663174412
0.95	0.10486903162657756
1.05	0.12445681435934348
1.15	0.14497522199489438
1.25	0.16626499291153
1.35	0.18817787671641506
1.45	0.21057108611990877
1.55	0.23331320853148765
1.65	0.2562813681906386
1.75	0.27936177360876535
1.85	0.3024496145930908
1.95	0.3254488941402216
2.05	0.34827220329652375
2.15	0.370840447206513
2.25	0.39308253048777936
2.35	0.4149350098134206
2.45	0.43634172118371856
2.55	0.45725338886064065
2.65	0.47762722235272176
2.75	0.4974265072023191
2.85	0.5166201946671017
2.95	0.5351824947241929
3.05	0.5530924761760672
3.15	0.5703336770158624
3.25	0.5868937276264572
3.35	0.6027639888496704
3.45	0.6179392064736441
3.55	0.6324171832500938
3.65	0.6461984691688528
3.75	0.6592860703827991
3.85	0.6716851768990312
3.95	0.6834029088906323
4.05	0.6944480813236705
4.15	0.7048309863971957
4.25	0.7145631931914113
4.35	0.7236573638162943
4.45	0.732127085284793
4.55	0.7399867162879182
4.65	0.7472512480212796
4.75	0.7539361782007711
4.85	0.7600573974064103
4.95	0.7656310869053184
5.05	0.7706736271252161
5.15	0.775201515976864
5.25	0.7792312962557681
5.35	0.7827794913889865
5.45	0.7858625488306977
5.55	0.788496790449455
5.65	0.7906983692898909
5.75	0.792483232131408
5.85	0.793867087305622
5.95	0.7948653772725479
6.05	0.7954932554924726
6.15	0.7957655671658999
6.25	0.795696833447713
6.35	0.7953012387737103
6.45	0.7945926209678125
6.55	0.7935844638265843
6.65	0.7922898919041605
6.75	0.7907216672453657
6.85	0.7888921878377034
6.95	0.7868134875741457
7.05	0.7844972375382301
7.15	0.7819547484410648
7.25	0.7791969740564464
7.35	0.7762345155599949
7.45	0.7730776263798318
7.55	0.7697362181196444
7.65	0.7662198665532103
7.75	0.7625378182793363
7.85	0.7586989976847707
7.95	0.7547120141896035
8.05	0.7505851697120299
8.15	0.7463264662965438
8.25	0.7419436138561774
8.35	0.7374440379852839
8.45	0.7328348878046929
8.55	0.7281230438058472
8.65	0.723315125664867
8.75	0.7184175000013365
8.85	0.7134362880601058
8.95	0.7083773732975128
9.05	0.7032464088562047
9.15	0.6980488249152436
9.25	0.6927898359043929
9.35	0.6874744475734518
9.45	0.6821074639092627
9.55	0.6766934938945735
9.65	0.6712369581043051
9.75	0.6657420951359836
9.85	0.6602129678721734
9.95	0.6546534695736725
10.05	0.6490673298030444
10.15	0.643458120178787
10.25	0.6378292599610349
10.35	0.6321840214702339
10.45	0.6265255353406808
10.55	0.6208567956112008
10.65	0.6151806646555711
10.75	0.6094998779555609
10.85	0.6038170487196953
10.95	0.5981346723510188
11.05	0.5924551307672934
11.15	0.5867806965771659
11.25	0.5811135371159313
11.35	0.5754557183445658
11.45	0.5698092086157528
11.55	0.5641758823106231
11.65	0.5585575233499381
11.75	0.5529558285834348
11.85	0.5473724110609995
11.95	0.5418088031893258
12.05	0.5362664597776409
12.15	0.5307467609760345
12.25	0.5252510151098667
12.35	0.5197804614136495
12.45	0.514336272667737
12.55	0.5089195577410696
12.65	0.5035313640431511
12.75	0.4981726798883421
12.85	0.4928443640555985
12.95	0.4875474394249367
13.05	0.482282657106338
13.15	0.4770507910260473
13.25	0.47185256662377395
13.35	0.46668873261537736
13.45	0.4615597827785728
13.55	0.45646637866001427
13.65	0.4514090700661949
13.75	0.44638836714927277
13.85	0.44140474198705965
13.95	0.43645863010597785
14.05	0.4315504319490292
14.15	0.4266805142907471
14.25	0.42184921160104094
14.35	0.4170568273597638
14.45	0.41230363532378184
14.55	0.40758988074824765
14.65	0.4029157815637298
14.75	0.3982815295107807
14.85	0.39368729123347956
14.95	0.38913320933341644
15.05	0.38461940338554634
15.15	0.3801459709172747
15.25	0.37571298835209793
15.35	0.37132051191906457
15.45	0.36696857852928516
15.55	0.36265720662066325
15.65	0.35838639697198793
15.75	0.35415613348747677
15.85	0.3499663839528242
15.95	0.3458171007637683
16.05	0.34170822162815373
16.15	0.3376396702424282
16.25	0.33361135694348365
16.35	0.32962317933670954
16.45	0.32567502290110395
16.55	0.32176676157224793
16.65	0.31789825830392554
16.75	0.3140693656091427
16.85	0.3102799260812654
16.95	0.3065297728959785
17.05	0.3028187302947373
17.15	0.29914661405035614
17.25	0.2955132319153661
17.35	0.2919183840537357
17.45	0.28836186345654163
17.55	0.2848434563421449
17.65	0.28136294254141425
17.75	0.277920095868515
17.85	0.274514684477767
17.95	0.27114647120705415
18.05	0.2678152139082523
18.15	0.2645206657651246
18.25	0.2612625755991212
18.35	0.25804068816349773
18.45	0.2548547444261616
18.55	0.2517044818416314
18.65	0.24858963461248804
18.75	0.24550993394068163
18.85	0.2424651082690411
18.95	0.23945488351332855
19.05	0.23647898328516215
19.15	0.23353712910612456
19.25	0.2306290406133599
19.35	0.2277544357569542
19.45	0.22491303098938192
19.55	0.22210454144729452
19.65	0.21932868112591297
19.75	0.21658516304628292
19.85	0.2138736994156365
19.95	0.21119400178110154
20.05	0.2085457811769879
20.15	0.2059287482658725
20.25	0.20334261347370033
20.35	0.200787087119107
20.45	0.19826187953716548
20.55	0.1957667011977495
20.65	0.1933012628187032
20.75	0.1908652747079461
20.85	0.18845844997735342
20.95	0.18608049990333506
21.05	0.18373113722977483
21.15	0.18141007544257684
21.25	0.17911702885526778
21.35	0.1768517126905521
21.45	0.17461384315796363
21.55	0.17240313752775324
21.65	0.17021931420114417
21.75	0.16806209277708486
21.85	0.16593119411562515
21.95	0.1638263403980354
22.05	0.16174725518378602
22.15	0.15969366346449987
22.25	0.1576652917149875
22.35	0.15566186794146958
22.45	0.15368312172708962
22.55	0.151728784274816
22.65	0.14979858844782679
22.75	0.1478922688074726
22.85	0.14600956164890413
22.95	0.14415020503445156
23.05	0.14231393882484095
23.15	0.14050050470832465
23.25	0.13870964622780818
23.35	0.136941108806045
23.45	0.1351946397689746
23.55	0.13346998836727447
23.65	0.13176690579619194
23.75	0.13008514521372488
23.85	0.12842446175721262
23.95	0.12678461255839946
24.05	0.12516535675703133
24.15	0.12356645551304167
24.25	0.1219876720173831
24.35	0.12042877150155877
24.45	0.11888952124590486
24.55	0.11736969058667526
24.65	0.1158690509219764
24.75	0.11438737571659947
24.85	0.11292444050579557
24.95	0.11148002289803777
25.05	0.11005390257681164
25.15	0.1086458613014764
25.25	0.10725568290723558
25.35	0.10588315330425575
25.45	0.10452806047596934
25.55	0.10319019447659925
25.65	0.10186934742793738
25.75	0.10056531351541238
25.85	0.09927788898347698
25.95	0.09800687213034748
26.05	0.09675206330212491
26.15	0.09551326488632582
26.25	0.09429028130485263
26.35	0.09308291900642833
26.45	0.09189098645852327
26.55	0.09071429413879842
26.65	0.0895526545260893
26.75	0.08840588209095424
26.85	0.0872737932858094
26.95	0.08615620653467247
27.05	0.08505294222253586
27.15	0.08396382268438977
27.25	0.08288867219391458
27.35	0.08182731695186143
27.45	0.08077958507413924
27.55	0.07974530657962561
27.65	0.07872431337771822
27.75	0.07771643925564334
27.85	0.07672151986553698
27.95	0.07573939271131346
28.05	0.0747698971353365
28.15	0.07381287430490606
28.25	0.07286816719857535
28.35	0.07193562059230979
28.45	0.07101508104550124
28.55	0.07010639688684932
28.65	0.06920941820012119
28.75	0.0683239968098007
28.85	0.06744998626663816
28.95	0.0665872418331102
29.05	0.06573562046880045
29.15	0.06489498081570938
29.25	0.0640651831835036
29.35	0.0632460895347123
29.45	0.06243756346987973
29.55	0.06163947021268174
29.65	0.06085167659501389
29.75	0.06007405104205834
29.85	0.05930646355733726
29.95	0.058548785707758774
30.05	0.05780089060866226
30.15	0.05706265290886933
30.25	0.05633394877574627
30.35	0.05561465588028356
30.45	0.054904653382197924
30.55	0.05420382191506266
30.65	0.05351204357146986
30.75	0.05282920188576414
30.85	0.05215518182918813
30.95	0.051489869780261245
31.05	0.05083315352009504
31.15	0.05018492221528296
31.25	0.04954506640335168
31.35	0.048913477978273584
31.45	0.0482900501760447
31.55	0.04767467756033012
31.65	0.047067256008181034
31.75	0.04646768269582537
31.85	0.04587585608453537
31.95	0.04529167590657405
32.05	0.044715043151223814
32.15	0.04414586005089842
32.25	0.04358403006734165
32.35	0.0430294578779135
32.45	0.04248204936196676
32.55	0.04194171158731504
32.65	0.04140835279679474
32.75	0.040881882394921465
32.85	0.040362210934643226
32.95	0.03984925010419135
33.05	0.03934291271403038
33.15	0.0388431126839082
33.25	0.038349765030007546
33.35	0.03786278585219952
33.45	0.037382092321400454
33.55	0.03690760266703245
33.65	0.036439236164588905
33.75	0.035976913123305115
33.85	0.03552055487393498
33.95	0.03507008375663393
34.05	0.034625423108948776
34.15	0.034186497253915045
34.25	0.03375323148826171
34.35	0.03332555207072372
34.45	0.03290338621046278
34.55	0.03248666205559611
34.65	0.03207530868183395
34.75	0.03166925608122489
34.85	0.03126843515101005
34.95	0.03087277768258544
35.05	0.03048221635057241
35.15	0.030096684701996616
35.25	0.029716117145574785
35.35	0.02934044894110904
35.45	0.028969616188989255
35.55	0.028603555819802173
35.65	0.02824220558404791
35.75	0.027885504041962838
35.85	0.027533390553448805
35.95	0.027185805268108335
36.05	0.026842689115384934
36.15	0.026503983794808936
36.25	0.026169631766347363
36.35	0.025839576240858152
36.45	0.02551376117064772
36.55	0.02519213124013153
36.65	0.024874631856597215
36.75	0.02456120914106934
36.85	0.024251809919275533
36.95	0.023946381712713235
37.05	0.023644872729816333
37.15	0.02334723185722142
37.25	0.02305340865113246
37.35	0.022763353328783684
37.45	0.022477016759999826
37.55	0.022194350458852825
37.65	0.021915306575414777
37.75	0.021639837887605973
37.85	0.021367897793137455
37.95	0.021099440301547354
38.05	0.020834420026330326
38.15	0.020572792177159356
38.25	0.020314512552198946
38.35	0.020059537530509236
38.45	0.01980782406454011
38.55	0.019559329672714593
38.65	0.01931401243210064
38.75	0.01907183097117082
38.85	0.018832744462648782
38.95	0.018596712616441927
39.05	0.01836369567265946
39.15	0.018133654394714944
39.25	0.017906550062512804
39.35	0.0176823444657177
39.45	0.017460999897106123
39.55	0.017242479145999537
39.65	0.017026745491777878
39.75	0.016813762697473304
39.85	0.016603495003442593
39.95	0.016395907121118086
40.05	0.01619096422683593
40.15	0.01598863195574109
40.25	0.015788876395768304
40.35	0.015591664081698087
40.45	0.015396961989287063
40.55	0.015204737529471974
40.65	0.015014958542646341
40.75	0.014827593293009245
40.85	0.014642610462985354
40.95	0.014459979147715343
41.05	0.01427966884961616
41.15	0.014101649473010116
41.25	0.013925891318822357
41.35	0.013752365079345642
41.45	0.01358104183307191
41.55	0.013411893039589826
41.65	0.013244890534547448
41.75	0.013080006524679626
41.85	0.012917213582898896
41.95	0.01275648464344962
42.05	0.0125977929971244
42.15	0.012441112286542023
42.25	0.012286416501486453
42.35	0.012133679974305946
42.45	0.01198287737537162
42.55	0.011833983708594958
42.65	0.011686974307003297
42.75	0.01154182482837286
42.85	0.011398511250918515
42.95	0.011257009869039577
43.05	0.011117297289121095
43.15	0.010979350425389835
43.25	0.010843146495824468
43.35	0.010708663018119118
43.45	0.010575877805699744
43.55	0.01044476896379273
43.65	0.010315314885544963
43.75	0.010187494248194902
43.85	0.010061286009293851
43.95	0.009936669402976979
44.05	0.009813623936283385
44.15	0.009692129385524571
44.25	0.009572165792700933
44.35	0.009453713461965347
44.45	0.009336752956133568
44.55	0.009221265093240704
44.65	0.009107230943143172
44.75	0.008994631824165714
44.85	0.008883449299792744
44.95	0.008773665175403565
45.05	0.008665261495050876
45.15	0.008558220538282008
45.25	0.008452524817002418
45.35	0.008348157072380796
45.45	0.008245100271795364
45.55	0.008143337605820753
45.65	0.008042852485255018
45.75	0.007943628538186236
45.85	0.007845649607098184
45.95	0.007748899746014598
46.05	0.0076533632176815575
46.15	0.007559024490787385
46.25	0.007465868237219788
46.35	0.007373879329359522
46.45	0.007283042837410278
46.55	0.007193344026764284
46.65	0.007104768355403036
46.75	0.007017301471332969
46.85	0.006930929210055307
46.95	0.006845637592069866
47.05	0.00676141282041228
47.15	0.0066782412782241925
47.25	0.006596109526356082
47.35	0.006515004301002184
47.45	0.006434912511367125
47.55	0.00635582123736391
47.65	0.006277717727342727
47.75	0.006200589395850341
47.85	0.006124423821419478
47.95	0.00604920874438796
48.05	0.005974932064747097
48.15	0.0059015818400190165
48.25	0.0058291462831625215
48.35	0.005757613760507075
48.45	0.00568697278971458
48.55	0.005617212037768583
48.65	0.005548320318990463
48.75	0.0054802865930823836
48.85	0.005413099963196527
48.95	0.005346749674030318
49.05	0.005281225109947278
49.15	0.005216515793123184
49.25	0.005152611381717159
49.35	0.005089501668067427
49.45	0.005027176576911293
49.55	0.004965626163629156
49.65	0.004904840612512106
49.75	0.00484481023505292
49.85	0.004785525468260006
49.95	0.004726976872994106
