0.05	0.10770646734793075
0.15	0.13233697329181343
0.25	0.16290338864544426
0.35	0.20068260043119718
0.45	0.2470855854376661
0.55	0.303595300789674
0.65	0.3716707961388428
0.75	0.45261816312602626
0.85	0.5474364132176371
0.95	0.656654708660535
1.05	0.7801840659106376
1.15	0.9172104055222008
1.25	1.0661538598863818
1.35	1.2247114205665681
1.45	1.3899865773294084
1.55	1.5586937249656445
1.65	1.727410210120686
1.75	1.892839273149672
1.85	2.0520452312161543
1.95	2.202628856139543
2.05	2.342823951597445
2.15	2.4715121319106843
2.25	2.5881674433263773
2.35	2.6927524424089
2.45	2.7855910307639067
2.55	2.8672411074012714
2.65	2.9383838845063197
2.75	2.99973890595322
2.85	3.052006758721061
2.95	3.095836359678932
3.05	3.1318111467991843
3.15	3.160447894846091
3.25	3.182202775167219
3.35	3.197480606101522
3.45	3.2066447915769314
3.55	3.2100265126721657
3.65	3.2079326525827367
3.75	3.2006522763486225
3.85	3.188461836221953
3.95	3.171629208230739
4.05	3.1504168063598383
4.15	3.1250838428752377
4.25	3.095887927980457
4.35	3.063086020807218
4.45	3.026934896453967
4.55	2.9876911214712036
4.65	2.945610701261983
4.75	2.900948388640575
4.85	2.8539568176029895
4.95	2.804885444395946
5.05	2.7539794499935786
5.15	2.7014785708740137
5.25	2.647615993725691
5.35	2.5926172633983104
5.45	2.53669931938268
5.55	2.480069596228192
5.65	2.4229252853134904
5.75	2.3654526855413867
5.85	2.3078267256747234
5.95	2.250210583518671
6.05	2.192755471950339
6.15	2.1356005185988356
6.25	2.0788727972190792
6.35	2.0226874420120238
6.45	1.9671478911880984
6.55	1.9123461978235252
6.65	1.8583634427602826
6.75	1.8052701965285254
6.85	1.7531270538574057
6.95	1.7019851985765198
7.05	1.6518870117547568
7.15	1.6028666932150368
7.25	1.5549508990198342
7.35	1.5081593784126606
7.45	1.4625056029701526
7.55	1.417997385254515
7.65	1.3746374702375894
7.75	1.3324241105094838
7.85	1.2913515994012335
7.95	1.2514107861915662
8.05	1.212589538767882
8.15	1.1748731900953324
8.25	1.1382449255853728
8.35	1.1026861586079921
8.45	1.0681768435871366
8.55	1.0346957832875645
8.65	1.002220872885798
8.75	0.9707293451193009
8.85	0.9401979532543745
8.95	0.9106031620930536
9.05	0.8819212790822653
9.15	0.8541285998883421
9.25	0.8272014971498718
9.35	0.8011165291543263
9.45	0.7758504952373404
9.55	0.7513805153320096
9.65	0.7276840600463544
9.75	0.7047390077682243
9.85	0.6825236562499376
9.95	0.6610167627500931
10.05	0.6401975475128583
10.15	0.6200457435094837
10.25	0.600541538129609
10.35	0.5816656054736872
10.45	0.5633990963884796
10.55	0.5457236501250534
10.65	0.5286213770361798
10.75	0.5120748648464004
10.85	0.4960671603041938
10.95	0.48058177131090346
11.05	0.4656026487976017
11.15	0.4511141855916954
11.25	0.4371011993743017
11.35	0.42354892891225704
11.45	0.4104430186431101
11.55	0.3977695127377963
11.65	0.3855148416340184
11.75	0.37366581429755197
11.85	0.3622096068629398
11.95	0.35113375341036185
12.05	0.340426136758238
12.15	0.3300749780456726
12.25	0.320068829630943
12.35	0.3103965637412034
12.45	0.30104736734637105
12.55	0.29201073010200224
12.65	0.28327644099920685
12.75	0.2748345758046075
12.85	0.2666754952563205
12.95	0.2587898322006055
13.05	0.25116849108476014
13.15	0.24380263496719448
13.25	0.236683686041349
13.35	0.22980331268383883
13.45	0.2231534307588656
13.55	0.2167261908632539
13.65	0.21051398017063636
13.75	0.2045094100010087
13.85	0.19870531796502258
13.95	0.193094755953914
14.05	0.18767099236321652
14.15	0.18242750058162255
14.25	0.17735796110647825
14.35	0.17245625059601577
14.45	0.1677164437223235
14.55	0.16313280283360376
14.65	0.15869977942099725
14.75	0.15441200441890895
14.85	0.150264289192595
14.95	0.1462516164887858
15.05	0.14236914088210914
15.15	0.1386121803760062
15.25	0.1349762162764556
15.35	0.13145688543371703
15.45	0.12804997953961572
15.55	0.12475143799308247
15.65	0.12155734664120676
15.75	0.11846393124540386
15.85	0.11546755570597884
15.95	0.11256471610087729
16.05	0.10975203844849306
16.15	0.10702627328728426
16.25	0.10438429304213397
16.35	0.10182308711056594
16.45	0.09933975890441718
16.55	0.09693152140686234
16.65	0.09459569396386827
16.75	0.09232969827559981
16.85	0.09013105501158573
16.95	0.08799738020019332
17.05	0.08592638173817521
17.15	0.08391585614263936
17.25	0.08196368502023961
17.35	0.08006783214731182
17.45	0.07822633995699022
17.55	0.07643732691482144
17.65	0.07469898407408264
17.75	0.07300957271612814
17.85	0.07136742101565209
17.95	0.06977092191718012
18.05	0.06821852994339302
18.15	0.0667087595147455
18.25	0.06524018097289472
18.35	0.06381142031078436
18.45	0.06242115534344561
18.55	0.06106811439630394
18.65	0.05975107366075115
18.75	0.05846885577593143
18.85	0.05722032738271916
18.95	0.05600439783363785
19.05	0.05482001694379044
19.15	0.053666173814006554
19.25	0.052541894773061815
19.35	0.05144624230109761
19.45	0.05037831315420833
19.55	0.0493372373769538
19.65	0.048322176598029565
19.75	0.047332323122283464
19.85	0.04636689838462559
19.95	0.045425152113367166
20.05	0.0445063609286697
20.15	0.04360982757024869
20.25	0.0427348796263988
20.35	0.04188086882015192
20.45	0.041047169855135464
20.55	0.04023317975515702
20.65	0.03943831681374853
20.75	0.038662019982882816
20.85	0.03790374791392659
20.95	0.03716297839179345
21.05	0.03643920745608447
21.15	0.03573194887746499
21.25	0.03504073334893618
21.35	0.034365108001603986
21.45	0.0337046356572337
21.55	0.033058894380876294
21.65	0.03242747678705787
21.75	0.03180998962695683
21.85	0.03120605314172937
21.95	0.03061530068210496
22.05	0.030037378103418166
22.15	0.029471943415622016
22.25	0.02891866621556606
22.35	0.02837722736552688
22.45	0.027847318459130573
22.55	0.02732864152657672
22.65	0.02682090853134475
22.75	0.026323841100350617
22.85	0.025837170049200206
22.95	0.025360635135572435
23.05	0.02489398461129401
23.15	0.024436974997293723
23.25	0.02398937066117951
23.35	0.02355094361215837
23.45	0.02312147310310873
23.55	0.022700745443980114
23.65	0.022288553627326194
23.75	0.021884697158911805
23.85	0.021488981706364277
23.95	0.021101218944947604
24.05	0.02072122622900372
24.15	0.020348826451773647
24.25	0.019983847738911785
24.35	0.019626123321104305
24.45	0.019275491249172702
24.55	0.018931794278258057
24.65	0.018594879604004196
24.75	0.018264598757152677
24.85	0.01794080736024808
24.95	0.01762336503156736
25.05	0.01731213516172782
25.15	0.017006984825954908
25.25	0.01670778457990403
25.35	0.01641440837935107
25.45	0.01612673339446804
25.55	0.015844639936100136
25.65	0.015568011287666321
25.75	0.015296733637265005
25.85	0.01503069592630693
25.95	0.014769789786767776
26.05	0.014513909405605404
26.15	0.014262951466550714
26.25	0.014016815029316499
26.35	0.01377540147538679
26.45	0.013538614400991264
26.55	0.013306359566418293
26.65	0.013078544801707516
26.75	0.012855079959072268
26.85	0.01263587683025352
26.95	0.012420849101693249
27.05	0.012209912282495568
27.15	0.012002983662043484
27.25	0.011799982247527237
27.35	0.01160082872374242
27.45	0.01140544539917062
27.55	0.011213756167738004
27.65	0.011025686462048037
27.75	0.010841163218406677
27.85	0.01066011483509203
27.95	0.010482470905353298
28.05	0.010308163350090544
28.15	0.01013712405066345
28.25	0.009969287153698566
28.35	0.00980458787223039
28.45	0.009642962694196901
28.55	0.009484349351840853
28.65	0.009328686800280027
28.75	0.009175915188192841
28.85	0.009025975839224973
28.95	0.008878811223930562
29.05	0.008734364943465436
29.15	0.00859258170277342
29.25	0.00845340729608933
29.35	0.00831678858137393
29.45	0.008182673467218578
29.55	0.008051010888540093
29.65	0.007921750794540184
29.75	0.007794844125671277
29.85	0.00767024280235531
29.95	0.0075478997032232984
30.05	0.0074277686543396445
30.15	0.007309804408702431
30.25	0.007193962635574601
30.35	0.007080199902186769
30.45	0.00696847366158213
30.55	0.006858742234762381
30.65	0.006750964803247439
30.75	0.006645101387790501
30.85	0.006541112839956846
30.95	0.006438960825570531
31.05	0.006338607813562388
31.15	0.00624001706120952
31.25	0.006143152599459817
31.35	0.006047979225280763
31.45	0.005954462484329695
31.55	0.005862568658932257
31.65	0.005772264755560452
31.75	0.005683518492071595
31.85	0.0055962982847149395
31.95	0.005510573236055783
32.05	0.0054263131215509484
32.15	0.00534348837812111
32.25	0.005262070090352148
32.35	0.005182029979683659
32.45	0.005103340390304645
32.55	0.005025974267813907
32.65	0.004949905191823396
32.75	0.0048751072983375405
32.85	0.004801555290025972
32.95	0.004729224457913423
33.05	0.004658090634737478
33.15	0.004588130194969558
33.25	0.004519320040258379
33.35	0.004451637591296122
33.45	0.004385060773337793
33.55	0.0043195680085273734
33.65	0.0042551382015605255
33.75	0.004191750732446233
33.85	0.0041293854423741574
33.95	0.00406802262688762
34.05	0.004007643022010341
34.15	0.003948227797807029
34.25	0.0038897585448172942
34.35	0.0038322172679807363
34.45	0.0037755863655366513
34.55	0.0037198486594688424
34.65	0.0036649873200130115
34.75	0.0036109859067361204
34.85	0.003557828349027807
34.95	0.0035054989327062427
35.05	0.003453982291252598
35.15	0.0034032634009808463
35.25	0.0033533275694833217
35.35	0.0033041604310634575
35.45	0.0032557479356346464
35.55	0.003208076344398901
35.65	0.0031611322192032537
35.75	0.0031149024184484713
35.85	0.003069374086902825
35.95	0.003024534651826125
36.05	0.0029803718132368545
36.15	0.0029368735402378818
36.25	0.0028940280617296517
36.35	0.0028518238629249826
36.45	0.0028102496764982206
36.55	0.002769294477007524
36.65	0.0027289474837096372
36.75	0.002689198137097188
36.85	0.002650036106744482
36.95	0.0026114512792647887
37.05	0.0025734337683742856
37.15	0.002535973887016973
37.25	0.002499062155448491
37.35	0.0024626892951071346
37.45	0.002426846221727014
37.55	0.0023915240427753387
37.65	0.002356714050908158
37.75	0.0023224077215333047
37.85	0.002288596706591162
37.95	0.0022552728322369157
38.05	0.002222428092929005
38.15	0.002190054649224795
38.25	0.0021581448221597555
38.35	0.0021266910911510815
38.45	0.002095686088651163
38.55	0.0020651225981540887
38.65	0.0020349935491076085
38.75	0.0020052920150177744
38.85	0.0019760112075868446
38.95	0.0019471444793294273
39.05	0.00191868531178354
39.15	0.0018906273189472451
39.25	0.00186296424150921
39.35	0.0018356899452213302
39.45	0.0018087984167018637
39.55	0.0017822837618892754
39.65	0.0017561402020369054
39.75	0.0017303620722448018
39.85	0.0017049438176354804
39.95	0.0016798799919604613
40.05	0.001655165253947345
40.15	0.0016307943659777458
40.25	0.001606762190596534
40.35	0.0015830636892578838
40.45	0.0015596939189881768
40.55	0.0015366480311969275
40.65	0.0015139212684855622
40.75	0.0014915089635200488
40.85	0.0014694065359784514
40.95	0.0014476094914822077
41.05	0.0014261134186759703
41.15	0.001404913988214631
41.25	0.0013840069499695279
41.35	0.0013633881320684266
41.45	0.001343053438222694
41.55	0.0013229988468175405
41.65	0.0013032204083552215
41.75	0.0012837142445929395
41.85	0.0012644765460975455
41.95	0.001245503571428556
42.05	0.0012267916448001754
42.15	0.0012083371553069761
42.25	0.0011901368609201343
42.35	0.0011721863565995277
42.45	0.001154483134466753
42.55	0.0011370235208013615
42.65	0.001119804205156378
42.75	0.0011028219334673392
42.85	0.001086073506107109
42.95	0.0010695557772593697
43.05	0.0010532656530635716
43.15	0.0010372000910200596
43.25	0.0010213560982222458
43.35	0.0010057307307914246
43.45	0.0009903210921933553
43.55	0.000975124332700905
43.65	0.0009601376477923429
43.75	0.0009453582776400216
43.85	0.0009307835055877743
43.95	0.0009164106576639255
44.05	0.0009022371011352396
44.15	0.0008882602440426509
44.25	0.0008744775338292688
44.35	0.0008608864568972953
44.45	0.0008474845373076367
44.55	0.0008342693363565616
44.65	0.0008212384513445086
44.75	0.0008083895151711218
44.85	0.000795720195170883
44.95	0.000783228192725227
45.05	0.0007709112421626585
45.15	0.0007587671103867375
45.25	0.0007467935958383618
45.35	0.0007349885281384882
45.45	0.0007233497671102829
45.55	0.0007118752024355157
45.65	0.000700562752734309
45.75	0.0006894103652342081
45.85	0.0006784160149052944
45.95	0.0006675777041409838
46.05	0.0006568934619463006
46.15	0.0006463613436295344
46.25	0.0006359794300414785
46.35	0.0006257458272771483
46.45	0.0006156586659638247
46.55	0.0006057161009720774
46.65	0.0005959163107504932
46.75	0.0005862574970453151
46.85	0.0005767378842797633
46.95	0.0005673557192816473
47.05	0.0005581092707052334
47.15	0.0005489968287662392
47.25	0.0005400167047042337
47.35	0.0005311672305244832
47.45	0.0005224467584989086
47.55	0.000513853660914285
47.65	0.0005053863296098395
47.75	0.0004970431757313532
47.85	0.0004888226293035182
47.95	0.0004807231389895315
48.05	0.0004727431716963798
48.15	0.0004648812123395541
48.25	0.0004571357634794808
48.35	0.00044950534509102146
48.45	0.0004419884942293106
48.55	0.0004345837648037411
48.65	0.00042728972727152677
48.75	0.0004201049684158969
48.85	0.0004130280910657587
48.95	0.00040605771387785026
49.05	0.0003991924710809239
49.15	0.0003924310122616417
49.25	0.00038577200213175527
49.35	0.00037921412031754695
49.45	0.0003727560611485344
49.55	0.00036639653345028406
49.65	0.0003601342603532274
49.75	0.00035396797908868974
49.85	0.0003478964408164578
49.95	0.00034191841042389135
